500 2 4
34.72993170400471 -4.8425522047457985
-70.34661914437798 23.62718515166908
37.39155872611358 -42.98180668998913
39.172491433615214 -44.499807568319646
43.69107297726006 -61.023261749258495
33.813031447600416 -69.1282899255014
22.708730269122004 -48.36834168662774
45.839260830035386 8.807566888693389
-31.978844142399 -22.030888975313783
33.540516915018735 -49.477173234677906
42.6589277007974 19.458266946527278
-87.81291160387664 10.830476034638862
-12.917709946027875 -11.424439904933822
35.58799666595887 9.474600567813386
-75.05745277244283 29.402732238016576
-67.52851294332352 5.209533169682542
-70.21856374670485 15.383040083338344
35.51157447617147 -0.9996946910885205
-78.50732809440115 12.085514080792946
-25.458245259256007 -14.86387698511088
51.310964080930006 12.96078740999888
-23.023358952069874 -4.505412967826873
-67.99566212584178 37.353134931062314
37.91721137968197 14.971119598830278
22.737309427854065 -75.39600568498071
28.35762694740742 -58.4087268417961
-93.47903101174218 26.23969798479723
-27.075658842773215 -11.52417196636131
41.63830105263966 7.986771569506676
27.626091026323778 -44.44880088226434
-33.536430338617166 -7.027097105711983
36.3109431960455 -42.00718765797621
-21.01355192782813 -16.03883530157328
39.288617558624296 -46.27700467153338
-79.86106740108362 30.154790918022346
-96.65313422370161 20.525824784889785
-19.74158833245333 -12.12864862369781
40.057254036423835 14.06107667247233
26.360281267584874 -63.96866443762638
-32.62949667977269 -13.315448285547166
24.283893026749865 -49.60136041486038
-20.071748557746098 -21.629400853471736
23.25171280477083 -60.880476846718445
-90.03640756016252 23.555120203920804
-13.637796383671521 -14.44606104985907
34.729362040402656 -54.4688631951521
-78.6525792910502 14.686096154217402
-41.56408532347966 -27.29963392246367
-64.67287870012714 24.658791436507673
38.29667440356004 -55.295206489043544
-76.75003958769216 1.8370161284990125
-82.12154512465209 17.23961770760304
-25.824056871679105 -21.685432543920292
52.402876258274866 5.493180380940595
32.84056499828602 -5.386743431175498
30.929358143606017 4.322071165164026
-86.3812954300398 16.2037374099527
39.48516386083314 -51.43138712279833
43.8869986357107 10.166171608789584
33.524751438970846 -63.42234258450354
-83.3704809783896 17.296914695513852
-15.16182947733301 -26.29284284142083
35.43568460825545 -48.73411797883472
-62.58283860154606 24.58764449637033
-91.23198078875278 17.119660688205204
35.63246286136851 -68.03702748446489
-21.16226691303811 -13.048659661564912
35.877551325385376 -53.66110118236885
-14.902419758611256 -7.987437651938096
50.18813762726483 3.2283254267304704
43.362416518183025 5.893923848920676
-21.140265734554905 -4.397124404020792
-30.795130750256263 -9.166062396120806
45.30826082114699 -9.504571408230424
-75.12882132457628 28.382400228251647
-73.43002247838048 30.632324637137764
-83.13571791720463 16.00565005795105
44.204535746740355 12.537097995258254
-76.66524009616874 27.68948652999476
-13.021516846200353 -19.487492403710696
-30.270275764219434 -8.529146312363814
41.06604779122575 -5.184052501747033
35.57170671502467 -48.7620904899476
-72.05640537401446 29.92482579643086
16.974477820660837 -51.729698822281044
-25.362707006623964 -25.795904685634696
-24.516925890864094 -9.60521699715684
-32.177726252369126 -18.48569676452965
-14.360518157513273 -7.942119930396788
45.78099535891765 6.522240551456331
-77.60671617656828 24.625848535777536
30.137813912434044 -53.11747078248829
43.558062961151876 12.17269776876145
26.19439452120269 -51.94667848287398
31.983086682027917 12.135560100180607
-22.139978670067258 -22.87177107612036
-43.34723513006173 -21.721837589048732
47.204160925674 15.719998706060489
47.63793407105554 0.00771366287166142
-74.88136054259692 27.10730967023525
30.707020042418698 -41.77685196421304
-80.50860750387052 30.86518881454791
-35.563227199157055 -30.91974940200617
-82.67214986231266 32.81316924072472
-7.227766510279231 -1.1737987246325599
-26.07647569507805 -9.05063611115303
29.529288671345732 -60.0094596364834
52.17383775464586 18.10929803692878
-78.80245080656563 27.020488146504235
-22.9731268750252 -12.595644797778757
31.238946081426253 -77.19505801610241
32.79154738983686 3.5252743349627758
32.27268983132984 17.223525565664268
-72.76026861006714 15.493261655159333
-30.605879454811973 -15.324148169947144
42.855657883437175 -68.36672288913363
51.002461227123156 0.19210772801954334
-11.53289024777511 -17.340110405802168
-72.0587674487626 22.995380075371166
-32.71342992561729 -24.186440977183526
47.34933801640735 13.948557789663079
39.82868789619124 -45.412733755492525
-27.258274107609928 -16.654652924815718
-19.81003798569497 -24.980796260409626
-67.13322177639373 13.205494289148385
-40.01458953069334 -9.086099224492678
-80.25802659752719 36.70206678583412
42.232593430290976 7.2282574095645
38.616188985883866 -52.02118401799994
-26.039338836346943 0.7120104787185539
-26.722718364966703 -12.739170084076612
29.91066305428994 -9.122091592216455
31.268208829052618 -66.88177127937186
41.00193867119569 12.46957952358559
-88.36234783257547 25.452258473390096
-34.41683907930083 -23.039426750590742
-63.936004797170206 11.719653334625024
29.432779732702446 -57.130549364890584
26.596344572927023 -50.58266403075742
43.75230474018113 0.4607314575093282
36.513601177123704 14.120720617260394
31.57734756783988 4.805380124210798
-30.098215991387434 -4.856940335072746
31.397271692783274 -43.123368703369884
-93.96921925160741 24.931174487597364
-23.680539999591875 -25.204666093827775
-15.528590580889423 -19.27778522582537
34.73337508819853 3.2524453711804324
43.281284125084504 15.000361453592895
23.488809016592697 -60.36074500571164
28.76212949181413 0.9438947782818232
-24.1602858223665 -29.424558164307534
-81.35063417469001 11.351230074240856
46.690559266270014 -55.35697808364787
-20.40243552799668 -22.175158555799985
-70.4288716843136 21.676478944515978
28.02102111683338 -49.97308012018797
-18.909643140077783 -23.405559536211804
-27.40407687127412 -6.129032993233716
40.92475045530511 -62.26039499205048
35.39207116768882 33.29793843458451
-83.52578540128395 13.189767909778302
-26.649622804258364 -16.062456431973416
16.507216742675254 -59.317151234169984
25.418261177782583 12.748846109756013
42.28433834602927 -66.61419511159806
-31.866524665466994 -16.621148766943552
29.702256297731196 2.9548136129833766
-79.26884221598621 11.988965828498234
-17.533710112422284 -30.23982670102768
17.638977244439236 -52.89214408475463
42.67146934935812 12.168562120017295
42.02637705156983 5.289176989073808
-93.91103180004349 24.494154052002372
-82.70620142229734 17.222392422281843
21.265212601842112 -43.47109956789071
33.965667964829635 -52.78360188503443
37.45915590720319 -36.83256276664041
-19.934252022793235 -16.072840534526904
44.82296047095639 -62.95160699556846
-81.7044574500757 23.65219008483882
-14.272760172225826 -17.20662952083509
23.230204966107394 -71.78608364530615
31.923010068153744 -66.69119130415913
31.22585010821954 -53.15678415540701
-14.181467955400057 -24.946278121737265
-28.12108684961754 -23.248732830537662
-24.581300327633087 -17.538346918249186
-80.17757172811513 20.115875829681787
53.063084094395535 0.08783652211945725
36.55209880878551 -67.24115385251389
21.356261552454825 -63.88383366144425
-67.32087539303801 36.90594285337879
-92.16898681802252 22.50310189782795
-70.21424555153615 33.47449158633611
34.03127954361433 -1.322171219554221
19.08601933426492 -53.141055365965734
-80.14747683143844 10.85946205074898
37.99394367966402 7.50120641177712
-81.92087976097835 25.63975747383241
23.534955145882982 -54.29096447355472
49.0724709736683 4.35905492819397
48.873766039022 -59.05921978509965
-23.479409953145556 -12.207593636416064
37.530285790196906 -58.43981854884244
25.37406255675135 -40.47536315613544
-25.469838345442234 -20.65431394101657
39.62141591595946 14.177313444585407
19.15777557844598 -66.69306851833076
21.85725716886399 -59.85625327517828
20.857494532764363 -67.85980712157158
35.44657781990875 -58.25017368964385
34.784943279524384 -49.50629891501724
-88.46648557020166 16.038087805666052
-68.82565659452874 26.092216019029124
-17.83418651765563 -13.89253345439676
-24.614278297356368 -5.752871956243494
45.63905067544365 15.315584071514326
35.81526127154562 -36.50383458899266
38.43270143480141 -10.129444810497786
28.763418097945703 -67.73363235972629
-20.073358505321092 -19.355420170658288
-15.104425731098758 -24.108047874286576
-74.65904088355657 8.43240281087309
-25.28069915525491 -10.730495322243737
-47.20000563050166 26.009345596718553
44.91016876377192 -50.46274853620866
41.43557805811609 -0.7153084246055066
-79.23012816331352 19.441932745392222
21.821235160154174 0.9023795998617068
-24.689212986285586 -3.9051905008524503
33.6910211788282 -56.84813748212224
36.461012038860815 -57.93565842326192
-33.90977072869881 -12.467771665301122
27.32790908024339 -51.256435445447096
-44.85538445469012 -15.699908488009994
46.43082517860173 9.393901052480834
-13.096957210537877 2.407025028869871
-76.035771965166 1.6117833135901023
-26.19440043226746 -3.147440514328066
-75.96339043861701 27.606283301687842
26.901257332298968 -60.51835435801697
37.93379164318255 -0.8151436843394304
-82.2822986247331 19.167214937099164
33.64845797454036 -65.86642489888956
-42.39940102743324 -6.604310510284543
36.27629136767864 -61.420076987306544
38.96593208744019 -50.65615099560818
-64.39268723969602 18.41877156671098
51.36258383025035 -63.05290158252492
-30.82198281205827 -17.704911959778006
-88.29965198833615 30.74757517856282
42.12374039322841 5.300839173717773
-81.21353269583467 25.800018292386987
51.269873621825525 -2.3550921207614453
-39.59282837193182 -9.330289534815591
-42.72802929791524 -14.04376822420732
-83.99377260017478 9.441362275894068
-83.26929738281811 8.994304512739411
-75.04555277607113 18.165241930799276
-74.70565878047381 18.1059940844179
-78.96524477134486 30.970973115202582
31.326092819880497 -72.41068807598619
-87.71957770862538 7.440404013155915
-64.33384537096188 11.408897307271024
-25.582076925439875 -11.53740250789537
30.359721810904624 -59.40552445090159
-26.505878679118748 -11.661215858477286
-86.32182944801583 20.90407670459715
21.669770797156225 -59.534299824838655
22.614887864800906 7.505585070929091
23.917762464601655 -47.607085749888185
-26.912370138580105 -21.926241206951715
36.807386769444264 13.986950758324566
-82.55028973465316 29.49722646241637
-24.762904589269212 -16.568105926614397
-88.96401842151874 28.67755950038252
-26.924401523838288 -27.757559434536724
23.369086812994265 -59.5186340692134
43.08006319874406 -3.6358345405553596
-25.43794056454198 -14.645826027296
-25.533586247211456 -19.77109987193151
36.50747006218108 -52.481604750974014
-34.38081910290271 -21.886494637224928
-75.92448064012815 20.80303712338656
31.26430991253354 9.566234619697997
-32.72282333775134 -19.562560493672827
-75.05166334253603 19.0391581050654
33.07812656478284 16.54588550998575
-100.51130517668257 17.758233484720094
-35.09787115340927 -20.496943747253816
43.03233028794483 -0.8265628363459152
9.960025596046918 -43.57395146140908
-10.609355071483272 -14.662644349235373
-71.50580440738628 18.289165613473997
24.663236199452605 11.891173670577347
22.14048395960281 -61.220435757658414
-78.73723262072774 32.39289142146222
-81.92100231732233 24.07368607998018
32.54319500380046 11.472901608367017
-22.11865671543741 -5.717525315487961
32.48696238916859 9.973907774471844
-81.50955328643632 22.38456738431279
-83.03656324093407 27.2217106842183
-84.8526630831588 23.546973411483826
30.075597455706028 -47.26143060029383
29.909959170941008 -51.78971447089436
-16.804146890447747 -12.912750983132256
-72.89283588718448 13.143878641573469
-79.62444265256156 21.159686946793165
-80.01560258629866 32.96316238515887
43.71834484465617 -7.578235058529465
-27.691546672117784 -16.435700579233092
51.9570866636415 -2.8607554591216555
17.190799407818293 -56.01552816867616
36.064402173811985 6.3407706354902595
-84.89114522887976 24.449097570006767
48.652161444930556 3.8272350735061096
34.406382071353924 9.833999675636154
33.62696141099127 -15.355293374794915
-77.71666488712387 34.726266693571276
-19.235349742170197 -17.236364979680587
-25.095687654026275 -17.088962125229294
24.058580051007333 -56.622057701700534
-82.9822082783055 3.356127470644555
41.450692565078626 7.171298509735445
-91.81701593683067 20.35236037827493
45.631937636130054 11.043467124177472
24.038089105378184 23.753891874042445
-25.50811336901657 -4.993305569379812
46.943695544866706 -1.0711653754245267
-28.840131827963177 -9.225971149417221
28.366072868048704 -53.463568717557536
-81.42874051657597 24.501414616608137
-89.5481401036771 20.39486786588294
-68.23077895597939 17.225092026874513
11.569671571190497 -58.030420360604964
-83.23343651870191 23.61342023692375
45.41468028000637 -7.1094477443947355
-79.66742114562733 15.827431947856486
47.71103449417472 23.056057352368967
-22.735105207591644 -3.6242892418806694
-28.059849115815126 -3.9370390285735866
-25.29679875492758 -22.28833519095601
-84.64698335045922 35.017264388284126
35.653187872071655 29.00926925676199
32.50522347265558 -47.61694321429555
31.21332611507892 -47.6847981753692
-75.00193929684994 24.09656115687312
42.5927692774217 13.345199045449249
-81.8725140419468 16.30214264041333
37.56769609901666 -2.5701855551732624
19.1214025845004 -65.64704427784692
38.92162988888812 18.091981774383385
44.10797636112561 21.138780625531925
28.63613517344917 9.32377942188159
44.91617672890575 -69.7009490153767
56.535980174647136 -3.820057555110786
-20.065340976221385 -33.010916868201406
40.8597934668789 5.036595373999383
-23.980877184218162 -9.873179588608114
43.00059104338804 9.13055214922877
48.63188481926727 -9.878478515480856
-35.309771651516556 -8.52470624150492
-81.48292875700768 23.532680315068674
24.467352138521427 -10.088625029044948
-68.5274912582147 25.81789342950658
-26.658470666748773 -7.104492596610259
25.601202754094118 -50.82632705612386
53.61105401002052 15.341769761447853
30.448240278409408 -5.666080064198155
43.47423127444265 -0.631522376065603
48.682577352746996 -3.0969201777994613
12.798106306999006 -61.952120649260834
-13.496506126483519 -23.699746082373665
-21.60033226282768 -21.867143170871508
-17.45116771938072 -15.638796352116929
-81.81997682164493 21.881588381834987
34.441512419664654 -63.91012300057166
50.00101850276714 -3.5571320388084953
-34.019561437273396 -17.50486099120959
-28.070701609079773 -15.832631407726343
39.61134032001185 -9.913701362407535
34.21277669350352 0.008868276085796545
15.933436842788607 -42.08887485585437
-66.05240287284602 26.67903723795544
27.964177331661876 -55.06388661509391
29.315615797516838 -56.662977700523385
42.069780161750856 6.661371964455024
35.74728598505045 10.297238995358457
27.92401561356592 -63.557355896804495
45.90975970959269 -59.52772259758899
42.34400103575888 6.555341050802483
-69.83886615353613 17.077546871010373
-81.43247578209669 20.632043183914853
49.88152739512777 7.927271073052454
28.09832690658856 10.510417356001692
-80.7563727453191 14.308448592047714
36.52188122213416 15.310349979230509
-35.22626921642191 -17.953313610780473
22.879570310903734 -42.445408118075555
42.01897791463377 17.358876430538672
33.40301629193105 -54.24701958774763
-83.08302702835994 8.044220217416768
-23.084425826434398 -39.96945824500308
22.308580984882926 -64.53473405985561
-85.0588206451391 13.79909324521451
-33.12415092856475 -26.779802332213386
32.16205447729629 -63.442936503118496
53.11053884893419 15.404972982756387
29.28441061542732 -4.763143320487723
-74.0408220341765 29.85897720038662
46.10922677414859 5.583150926828362
-75.4063759627042 10.283032543766634
-84.56251071511369 19.00724570351567
59.97691471760314 -0.3738793395221478
-73.95324580487156 12.37878969373677
-64.10292440886843 17.55379484081911
12.227090049577495 -49.53991420931312
28.953863087659464 -42.457459161918884
-19.470091494254383 -14.901020558793654
29.784878725826132 -43.070664541350375
-39.593102964548045 -8.675050064527168
20.217998115371465 -53.95274044642321
33.40828138102393 -6.163968419269041
-36.86649653628947 -9.104450168106176
-27.401482412743366 -18.972760727795205
51.463344780523265 31.54659232063866
38.55555838261718 -59.13882694485762
-20.830371860093198 -12.345436615875668
54.91948898333639 0.31410386621359354
-86.05535964407716 15.116808873825796
-35.82161538554938 -11.393275555154458
-10.3626455333139 -14.410871393075782
-84.96118286305425 21.106856258286335
43.550561329248275 11.07419679309298
-64.65360399375955 20.51242880995455
-65.33840008336506 11.836763529875249
-19.672907727239895 -19.437027296938837
-84.20462887613958 24.258286758628124
34.29132393633935 16.009736969302363
37.76476791574031 3.4347445531341076
31.652492612760334 10.77765551579672
38.38069200810007 -56.21038494788108
-24.766585402835165 -23.648474857482707
30.71742544346128 6.63137499691338
-34.0852273952426 -20.396512802597115
-34.65756729547506 -17.68326298696823
25.30900718849944 -64.46181992667553
30.04418721852617 -46.88783042927026
-91.29966307251699 30.406620797438453
26.343922258903994 -58.358089329379446
43.51157916897723 13.421263701752332
33.67999022879826 -57.57373177829672
-17.674344925704577 -20.96047407094598
-19.667233383435907 -10.80276188672426
-85.93152261264737 22.752456915223494
46.49781532970848 13.305947337824938
-80.14353657472628 23.822374979309682
-88.77655866901135 23.107159790886204
38.509763951583395 -4.68537119726815
-24.026900113699902 -29.28287986411645
32.08236173818688 -67.15570210130704
35.96159050237867 -41.658024312082674
-62.58569626814199 19.750862764568616
-84.55460559162188 25.275119949027236
34.862455440301915 -1.2156076579868644
29.158872677057314 -66.91744702861834
-70.12143540976771 29.739467156659618
22.816999956407614 -67.06499314983903
26.37873470082016 -52.358458537355006
-90.42216298519286 30.5983616220827
23.882658917930456 -57.61188821226753
31.00706234074513 4.338625620638777
30.548092292348848 -6.172243185349551
46.4966815428257 -54.848744439969884
28.04762952787047 -6.003272950842186
43.63860380916595 8.541691169686061
-29.52494927022353 -18.90013678496309
-80.03111776829147 33.85521443600646
50.84167697693944 -9.947218045460483
33.521437319663164 -46.259659186149015
34.75919487837469 22.381624683200005
26.021885661017848 -60.26870070246538
-85.61389626079136 23.146216045401648
25.020966942500024 -55.17304218276114
-92.07581918090875 7.492428535734252
-32.084647750319114 -19.57878395083935
-67.22206937865033 7.273847000776701
42.4756442347239 -46.363758538749565
-22.131353338069726 -26.854461910900802
-32.39363627066715 2.5061831529368632
-33.55189473519238 -16.001728376449606
30.269203271462402 -64.11106689493947
-40.28685602109496 -2.5781258348906864
-34.25248206854215 -11.097154221752572
-36.6215884205205 -24.595173090892267
23.163741908980086 -54.99983426150915
33.73564400817464 13.13186724160402
37.118698107711346 12.782003904167977
