2000 2 4
0.4520327785880288 -0.4280871463522575
0.3303061967200608 0.9057785097933301
1.0498772435293786 0.5978019720475031
-0.8308962175280586 0.7102158368032975
0.43123941303361063 1.0058951630760502
0.9447170294261991 0.44882494781352505
0.15742137239034665 0.9851251208247483
1.4005090070527806 -0.45486314597080135
0.018689371758570515 0.16523435116617669
1.3443463456187779 -0.34333655459141005
0.5962860070266531 0.7061422403476743
0.6266001243677679 0.9376601922345935
-1.1330319087573777 0.06944727922334419
0.8810847646775096 -0.5217911663120628
0.8705539872796257 -0.3720121275786486
1.6039382692475457 0.006092942129412887
0.6590728258592448 -0.5619907428468869
1.107050185517872 -0.325028791086652
-0.18561175392590504 0.9636366456662164
1.7167466524934432 -0.1455795685421638
0.39002085766923156 -0.017491415312598763
0.08552527432574984 0.17887573518129254
0.0669424400698781 -0.4103682664541025
0.8589130756403918 -0.28522386983297454
1.0906195849124827 -0.010367501982961644
1.3435878627168032 -0.2740109150682879
-0.2809253542863407 0.994658112258815
-1.036129385322729 -0.026988149640067627
1.9825626909119154 0.208458456320687
0.530155760381277 0.4433512552732563
-0.8516596582194752 0.43943636149328336
1.7077481115286515 -0.24867615084340008
0.18085174660534278 0.19852668831782982
0.1143183990496717 0.1540024153317719
1.2610665490230109 -0.30483827211408754
0.5233285381725203 -0.30094445595394104
1.003685373018632 -0.7303361717398826
-0.8559374674359164 0.7120747335583751
0.19903757345318618 0.7218932730501355
1.0355681842619369 -0.6367865903344195
1.6991307341271613 -0.5044581655520043
0.1283044681126047 0.2075921543289864
0.5816440256053631 -0.57597796372
1.5992620489043163 -0.09296282622299765
2.021411602065704 0.4759975629681635
-0.0447957330566975 0.8232866173553772
0.1372000993235664 -0.26648416829941834
1.3055051804454019 -0.6014068478350905
0.7519151920174719 0.27376069204721776
0.06010363719490691 0.8655546299913894
1.430951869533495 -0.4333687446908936
-0.6378357240372697 0.6486703776926122
2.051034196383932 -0.5309376482884831
0.7933559096100102 0.7257088301795801
1.68667357538145 0.07420090660738918
-1.0662713653526235 0.6131676698027855
-0.7812642460450999 0.2696047254332132
0.7815045503071196 0.4640568367797351
-0.007911964736032145 0.33164215407280223
0.25731016283258823 0.8208232635277037
-0.15016442973357863 0.8572315753616345
0.32987591788486315 1.1806643804131558
1.238998308854256 -0.3205214737475417
0.12730651390796327 -0.20499865691438546
0.5814583824405901 -0.5783907213664737
0.11731154985334383 0.4114149709526327
0.5447627734564224 0.6209956091280775
0.1557655355920528 0.8731569469314548
-1.0146870665624517 0.5091597860210164
1.0967153565620988 0.09658460158100418
1.982908128391505 0.2751982633095435
0.41008254088366847 0.8599984013438485
0.8806511308453253 0.35140101661024115
0.5118372828011439 -0.25930985727506967
-0.9578540250821732 0.7048882650196119
1.8125920040913814 0.2947635120145977
-0.5382163595692823 0.9538168546097278
0.2493644111637253 0.9302529590314335
0.8195263744956356 0.5885948614471306
1.0303740806190531 0.253306371598016
0.38587381961580547 0.8272241292344975
1.5178177038719192 -0.27138005271352844
1.9636526867668722 -0.23023710892027074
1.862957693666929 -0.10532263851347809
0.6149187924417607 0.4545076583556983
-0.5811173417064696 0.7019128200853189
-0.5168170050074262 0.8301627622839407
-0.5585334485852503 0.7176664493469717
0.18459597299908745 0.9177047550246864
0.6426148288577843 0.5485279805852726
-0.5684798807553121 0.6683854843132834
1.0859688600456385 0.2303950543101978
0.186562442199975 0.1283486349376463
-0.12833238597885407 1.1759527990608403
0.9482524568110225 -0.3601383460020285
-0.3941311338877697 1.0550778011085267
0.8300464009580748 -0.5230145190339965
0.7358760172855678 -0.734156451318553
-0.06237495783733507 1.1558751688063909
0.8849230221013699 0.28350396121827803
1.922727548284274 0.10621416474053284
-0.4042473470416305 0.7007632159496678
1.2017197094512568 -0.6179821033413052
1.4600242202504694 -0.6305875827320615
2.1070831220570523 -0.007931873481575757
1.3260456236421678 -0.19346323847671193
0.09496699907708975 0.9843355392400639
-0.8343019805846204 0.5852522735826398
-0.046082519768694194 0.2518838056594161
-0.7041908710209179 0.4501978882839299
-0.4039071547006923 0.895004735712667
1.1787278791830835 0.5713480606563787
0.8906594227950791 -0.42156208515727894
-0.5812752432984353 0.9365963234769541
-0.39845385456059046 1.045593273715895
0.810235990743049 -0.38042244955009974
0.25991576320954696 0.8237850853441905
0.982411326707894 -0.6155934348970937
0.04609520374446424 -0.09442077299631568
0.7855678776200777 0.8251881905939717
-0.2784394776984193 1.1745991376919005
-0.13716304978660032 0.14700560259375736
-0.2949098624735613 0.9404230402936908
-0.325421662040416 1.0485368529880639
0.9053037964092977 0.3340512645104122
1.090613697591871 -0.12284911987524177
2.0498944512470354 0.5238860417475393
-0.9864854382684549 0.3481352205839654
2.0098271136335377 0.13260181306232607
0.6980452251657439 0.2473165017794233
-0.5991683422463444 0.9669359744717668
-0.05088988340357914 0.5429717969879011
-0.9500624627670585 0.2055909941783126
1.119847934160435 0.04682745200888866
1.0984323958989113 0.17655891553043113
0.8985896612638525 0.5524630786966023
-0.8410729327653472 0.32649746660334095
1.1996902650777868 -0.40974001926553194
-0.9893739359712326 0.18732312604358753
0.9599456667032754 0.1609205777571811
0.8152319517929736 -0.5511485894240632
1.8116544836515336 -0.41503378608004254
1.388535053528783 -0.4775257076478916
-0.828280387415009 0.64811323344519
-0.6540838060030387 0.8024814678002005
1.0886452674413387 0.4153599249299479
-0.3949829359635927 0.5671111577685475
1.7678095513618794 -0.32953019429185215
1.4827820106368401 -0.4298936360237441
0.01291440863763503 0.33548381004791195
-0.27263885835565765 0.08424707120518451
0.08852150683369474 1.0076983027269777
0.7768545247675781 -0.3741688807324053
0.784186924098995 -0.5039108638722631
0.9689203009603747 0.29002136071560997
-0.9020565019023619 0.32329016377756103
-0.834261490642327 0.28743977410916677
-0.3223730294024711 0.9145927663214315
1.2438089516571733 -0.4976263259578694
-0.09102834934014617 0.10841001858655086
-0.30032035669975465 1.175138452948954
0.8858481911479555 -0.23061833611935195
0.9911925945469433 0.014172360689819849
1.0508799708993677 0.37080782271370777
0.7127409172287551 0.95965114964169
-1.087769122409933 0.05283327072304495
0.14720177603971707 -0.379863708316303
1.5657491268647452 -0.1801617350810593
-0.8994693005963433 0.1425501688620191
-0.6811515947870912 0.2559223190931478
1.7077636446613154 -0.09305150072540705
-0.8464347281217675 0.5352600187610006
-0.9490808651191707 0.5617928028274098
1.0741453057348977 -0.28687258212536154
-0.5629072864859118 0.6616999504353966
1.596624505437701 -0.07437798205903523
0.09423949849153995 0.03672473524787544
-0.6826010397952811 0.12089501989974342
1.7092602736596583 -0.06468562646817472
0.9311737969120368 0.029608473883022235
1.6576994791272366 -0.4049122878071647
2.040595476605216 0.509496731454343
-0.8654539453052141 0.6830994792884038
0.5372586286945209 1.0858668410341534
-0.15346395709595043 0.4759422975821608
0.1648194453618997 0.09332770124440648
1.1958300835596918 0.08474714202101039
2.1535121862372653 0.2563209329905491
-0.2745722886104987 0.37072558087982255
1.487017791148446 -0.17675577682702065
0.8230409462281142 0.5310139703630645
0.41246736769504955 -0.5235370256313154
-0.8513738946533853 0.6958880392166152
1.3050797538870413 -0.19827958060794915
-0.4301226063896292 0.8617550058842166
1.5713918746527298 -0.08344580153204827
1.0854129635988208 -0.5431111751035055
0.6187467464063263 0.585410176356395
1.2294581756318108 -0.4069386382150646
0.3236864225331123 1.081893517782321
0.061743317643499405 0.6128503041620791
0.8800899363588457 -0.38860657060784853
-0.06984433732948378 0.5362275388937492
0.14823022100609762 -0.21911653589159485
0.4416506050774205 -0.2198917209675742
0.016753981625821326 0.39954958410683483
0.8337439950391099 0.4705253869971262
2.0423366949842072 0.20238053300999914
-0.6285459288623982 0.6469935138744102
-0.015557175965974501 0.030041565709746143
1.569260406014293 -0.31156283618127056
0.13120682878723963 0.8607894512789955
0.38695026170168256 -0.3203140835752301
0.8091938675039249 0.31283279570975
0.37503967054898574 1.03958753102544
0.04650084936328998 0.11061912406104299
0.5401200133104115 -0.34417372116197203
0.0011980897396952628 1.1906837578197287
-0.6916124161371352 0.6875866312510573
2.0779445708576367 0.23037212036377683
-0.6764330694993201 0.5109400187165691
-0.03575717733248199 0.41381027203811005
-0.8162111486334162 0.1697570843760019
0.4750253734350344 0.998793222935037
0.4305669176215207 -0.3463738842358293
0.11270462711439358 0.18023714787403933
0.9059055495387012 -0.4435736390763195
1.6855285666227584 0.029741676868717454
1.6704218674600557 0.04547843590438991
1.8535602227450028 -0.19864272841601482
0.271491503337686 1.221179726304607
-0.9160627945984967 0.3135659092813007
0.5571594617930943 1.0300079543623608
0.06437710602357843 0.19433491052966476
0.9468489142635411 0.11461683879202787
0.37805653656924515 0.8346088467782997
-1.0181657330483502 0.6251051397349147
0.5688905666462115 -0.32729767553923195
1.2223652481135028 -0.7994572205697004
-1.0863520135667812 0.2982714400726872
1.2291818067752889 -0.36600784099803185
0.21981694978228475 0.8593463437611477
-0.1022626927908989 0.1967843801005764
1.1882488660122004 -0.5397113134322188
0.8675696452078792 -0.3157187872893473
1.3171778528003373 -0.3484093324697357
0.9817021791809905 0.06399765819336498
-0.6612786336681634 0.9304787802622487
-0.4047804763473557 0.7903038000715258
-0.0933280981430859 0.15307651795532343
0.7678126626534141 0.1602199825852733
1.9220918444593165 0.1634592143258503
0.08955468085144301 0.7605719194501535
1.6261613611456271 -0.20192107267887446
-1.1516312446522938 0.03521884582374911
1.7076016019408655 -0.3873830960499781
0.9677125754715024 -0.6256554390169582
0.007990374051415769 1.0397635782217414
0.4064863279538583 0.7292247321758804
0.07908376100545804 0.4770651285832547
0.28010329247908894 -0.07922869351517006
0.6713050242692077 0.8077453516946778
0.9931637421111572 0.6895673468466391
0.5738146136184551 0.4663635439883609
-0.5006676244040069 0.780690046248872
0.15115559652778837 -0.003934763341707103
-0.9407731869892224 0.3408727345595094
0.9352113896539066 -0.5881427944665046
0.05620144074120409 -0.15215353738090237
1.8025191142526567 -0.19970089856526008
1.8816293090574832 -0.2782381369462761
0.13262234337468035 0.10262585273156495
0.9303411325631165 0.7900549340352323
1.1997732519869966 -0.626372522856047
-0.34248454998671163 0.9626703737427693
0.22291030187368727 -0.0289704804382786
0.08860026017328461 0.4404601427816429
1.0578738375801313 0.34921570619651954
0.7406352348538583 0.6029102048976563
1.1878630489709374 -0.32161672824193277
0.393043845261194 -0.42185860780092554
1.3143781804837174 -0.4342032636678441
0.9314238638738047 -0.028945601043320807
0.2365058767672727 0.13296131399103073
1.8969698997496398 -0.13700062279838987
-0.9733883488336256 0.5098394805715127
0.28178306694277305 0.9741287819753359
0.8372703137742277 -0.5789772943789986
-0.6396954219427937 0.536992951083493
-0.852790321812087 0.5811618775491505
0.197905343274821 -0.25729962818300905
0.5715209459185884 0.621054567601856
0.9955438407409637 -0.2157390190623455
0.29167897677880766 0.29521507798346897
0.7297837752281073 0.594756618753921
1.2297087576618007 -0.5644775599667233
0.7611751475490965 0.8466443044454401
1.35356844473736 -0.5854342368174398
0.3089668344472794 -0.25852023877805264
-0.3291303212811224 0.9222573987442632
0.1743823361860763 0.025894858100185707
1.7551688173761264 0.10903663216446399
1.8063850144650115 -0.3123112011827413
0.8662931179822536 -0.3447994812439916
1.0270852280683511 -0.6585273392041222
0.6492381209859197 -0.5022247623431815
-0.013707967138918878 1.0552304204431697
1.79366667479551 -0.2713878117392692
0.6717050568878291 -0.5837817749527686
-0.6967065013982459 0.8673481892253982
0.35061108755329146 -0.21104802137713102
1.2290446383841387 -0.08179293024724762
-1.0729377408562613 0.4171195328422076
-0.2703078147077419 0.9649942583453117
1.3212016967355291 -0.5581021594648377
0.8509084077555455 -0.44590436019057095
-0.8617573112410956 0.11766716764387267
-1.0085813494797755 0.7630978417889491
1.7070989253890476 -0.1170157838473312
-0.8232544951646124 0.6094126935110726
1.2099257435212916 -0.44360781946102523
0.45674916336308313 0.842512232508815
-0.47029122237299925 0.852098919513386
1.5065275024587264 -0.3671677750861666
0.21300526359414979 0.1519449462187354
0.6124107245222881 0.5478941485405917
1.1356081439878905 0.3385639189527653
-0.12904776955911484 -0.21899612757399875
-0.20889363389455662 0.9442052970354187
1.1741120038257393 0.39410983411734624
0.6435400665520906 0.3296533258618901
0.6707889538014853 0.4584655436089573
0.5686696932001615 -0.129901305861376
0.2515516721094549 1.1558525849603758
-0.43857741771785175 1.095104981868101
1.2248603236990088 -0.6643708163901353
1.2585550118588995 -0.5413831394404977
-0.982587563085399 -0.11211233327212093
0.18615257075370203 0.10169890706909135
-1.1000045412451136 0.24313942391283228
-0.2784827049186538 1.1049360428631998
0.9792533715978017 0.6477611574454668
0.5980189544051409 0.5963419895785439
0.26763478852156986 -0.49146588804054214
-0.846148462465264 0.4729986273629926
0.3696359781855257 0.7356005065732936
0.5760763740727437 -0.30874226931113524
-0.8534055846145387 0.297056162394254
-0.37105860491627085 0.9453491602328905
1.8416388540848796 -0.09103898041671775
0.8241056142585 0.5059105420483643
0.7991202255710604 0.7070109181033323
-0.9198451780523347 0.20971754678358162
-0.11589547764558168 0.8467706650612126
0.09303030857722205 0.05126243458840701
0.7955541086707221 0.4121716126351379
0.382284172337606 -0.30564425409219476
0.0555657874931875 1.0453929223851584
-0.0419866988236578 0.17372013254254767
1.0993434932308195 0.2433651166421577
2.1151144381930695 0.32558085266358316
1.818209945069348 0.05961009332993922
1.0283294707961002 0.26661999803646497
-0.6610694558318647 0.6577510967395844
0.9978057911926582 0.5553194136377508
1.96987686089598 0.1303529339412347
1.3483115941465225 -0.4749013640905735
0.681730566471569 -0.6884502223415018
0.09033650864198473 -0.25038016653916806
0.6329754796046485 0.2502251848429139
0.32844792518560206 -0.05642489910049442
0.9002661076388141 0.3369621591002549
-0.1879374076376125 0.9281363140369646
0.3510366872923437 -0.2300495785247939
0.37372491388505696 -0.37524374298740576
2.196383794733989 0.04555082909507958
-0.3217458277109222 0.791643700281373
-0.5237053756440148 0.7084174018131263
1.3255469828028261 -0.521249769114653
-0.6885427462100252 0.766747854155393
0.3763048559059652 1.1106862733371026
1.5158385019653204 -0.5702528603441288
-0.30002293131115465 0.8876314228951073
1.0351922895710484 -0.41304623266033996
0.7078161648685183 -0.3293667541325588
2.031867241017088 0.14227301701485567
1.4575822333374118 -0.4197812196666965
0.32635534353129464 -0.21008630260429378
1.655297436274642 -0.36200068000572283
1.2059530980470785 -0.0076927245266670136
-0.09219661835708148 0.8473771173245808
1.9859131144787145 -0.25931436817027914
0.27089783934646905 0.10093753580268738
1.8881068139701034 -0.19448198436307124
-0.08927651900268149 1.0653025865292411
1.3259957678009402 -0.48306910964280003
0.08099907496401867 -0.2591271412908701
0.0874534711202992 -0.09818542102882695
1.2534105230748878 -0.3916713208934199
0.5570050697599341 0.4478232604822186
0.7588644333127303 -0.4431790211115059
1.7797526174446374 -0.3820133135927275
2.0839177332646686 0.31251481922227464
0.7240156469434967 0.7595492011763549
0.22454607673499757 0.9218482384679763
0.6145424111649731 0.9490270044762755
-0.460265198131371 1.1230663741535387
-0.22259003659550133 0.9941375591577002
0.4153898039726821 -0.09578747734055151
-0.5148465690320494 0.8734034187697631
0.8651225945538488 -0.5660150349362412
0.32206604256317173 1.0307347496318742
0.8141390056957806 0.138132882576735
1.228139258344129 0.3450280226645733
1.5214435301182565 -0.3274878755915667
0.38825198321568705 0.9838047652288942
0.2077475455372629 0.15145106807328362
-0.7141676938146245 0.6812104006401142
0.33246248712718784 1.0178488987949894
0.6464274203772722 -0.25680703083824563
0.8645285355489445 0.35240141499561023
0.4964099692381889 -0.1371570001636334
0.19021675792197215 -0.1014230096779426
-0.6672975697887205 0.7481913955705055
1.466205416727329 -0.5032455020689879
0.02825321152799315 -0.49901704213312914
0.1892169290326279 0.8357418570218853
1.1050542442635976 -0.6306327245230943
1.942218656225176 -0.15808130193395287
-0.2843962463010014 0.6332604818788359
0.10892591753788983 1.1036149939579278
0.6835083531575703 -0.3899139923148981
1.665952541204323 -0.4923300023393396
-0.34428027203032974 0.9256708481315618
-0.95585608643563 0.22099397373923377
1.5363163952721768 -0.7079000450280724
0.5560563780914876 -0.3579431721344815
1.9835026355095997 0.036705036643118194
-0.19730601191398522 0.8707721357593795
0.7201867059519899 -0.6637817060320458
-0.03604245713478127 1.1074167930721768
0.6166791030475595 0.2746521651780546
-0.5596290755828268 0.9146162639507366
0.6642911218753924 0.5036763830678856
0.7556185576126708 0.9933612394778064
0.5986665868406403 1.1810397398986834
0.06762524430831443 -0.07960053334223789
1.3965940303153588 -0.3209452821984311
0.35511759353815 0.6763328612503267
2.1837133106568785 0.2922814506504309
0.6541896701915605 -0.11697844810079702
0.06273507386980574 0.4326432297258461
1.9146424239470647 -0.14255877862511343
1.8820145873733976 0.07849159462348491
0.6568901758804786 1.1620012288389143
-1.1138041451070801 0.32091548280656823
0.3414568968755953 0.8592276348828545
-0.6751094806843833 0.7944720623427459
0.8963662220508845 0.6091879238590282
0.658294095216555 1.2207710210035438
-0.3173910161988149 1.1183658492058575
1.190104024003273 -0.31979237055160603
-0.709001368745148 0.9169364971794607
-0.8990859774214168 0.9333356910966679
-0.6769114622990899 -0.02045236921759802
-0.9036581006681937 0.3559296162324889
1.0779995457055889 0.3933331234638421
0.4401505978759597 0.8654683156271649
-0.575492181711417 1.0121286886144125
-0.4837915545954182 0.7920533466460292
0.0017799210348117406 0.2792708262156459
0.3781331880518943 -0.5151026967572623
0.17527582862516086 1.2644572280522706
2.073100605853262 0.3578314266204244
0.8832227158424577 0.08467342931779748
1.1282221189614996 -0.5076115440088306
1.3020042516319639 -0.8358568694324617
-0.4454130701005813 0.9351100242120082
0.05429745790290286 -0.07717354277360193
2.0690984333987754 -0.14538959136442925
2.029511374995267 0.02082215139725696
0.9112234774725015 0.5458218656394763
-0.07590538751595732 0.25989898589185173
2.063997454022255 0.150269431519192
-0.40626389968845017 0.5052271773162228
1.6199001715730366 -0.11422393996563884
-0.555215753695333 0.5262289532484987
-0.5453999757686399 0.9901001360263808
0.8485129194999423 0.013812626926450758
0.5682708538055157 0.9840131231216729
-1.0428282496319206 0.23712404051230274
0.2591309951545852 1.1310027421493316
0.13771772511485528 0.0232559158467048
0.7213265674532193 -0.6422517374553862
0.5545217797986857 0.8775696414610817
-0.07695808932131121 -0.5000758559522342
-0.9669575114198005 0.1895755626086404
2.091628580341192 0.4379753526707896
0.8089355945245805 0.4924780827777216
-0.10775499048178791 0.4981165468695471
-0.28334104137124916 0.9345476795957682
1.881426587531369 -0.57649412625982
1.6448388947626629 -0.1432354056161303
0.6680971146318927 0.815085007115975
0.10637038961900551 0.22768053913063666
0.8998562193463308 0.4533897941399099
-0.47013400656227067 0.46858450553335435
0.4174624200590688 -0.3280100249373236
0.021948240349871147 1.152832443002408
1.0470968120812105 -0.4125999641497369
-0.025097683253335556 0.9231951347216718
-0.8571503899312704 0.6338876707502865
1.1612390182762797 0.12419360414493896
0.7695257332387533 -0.4307745065561951
0.755694512908507 -0.2850899691480764
1.7476314048911454 -0.001938696721564312
1.6145412389144544 -0.3083790335328703
1.4032040334103515 -0.3087313786477829
-0.5177426259906917 0.627281150609979
0.3024943284146022 1.102884816846615
0.8907288216986621 -0.6209550248971835
-0.8272682188005487 0.36514335263199926
-0.8305163010695302 0.5228595522009881
1.65423514114579 -0.162428690726034
0.8450246032041434 0.4124226253627794
1.8298880519714031 0.34876952358315444
0.14521446638736918 0.19709289939240998
-0.6224204155329778 0.3868431204683068
0.5770480896874741 0.7598343207802077
0.46502475924071823 0.07343356437472699
1.695255874857087 -0.3016249395030804
0.9821741074733458 0.7482632874611718
1.9585756249865427 0.36862140982994884
0.5442342388991688 0.5624178025875796
0.31061129083447514 0.8244349305281757
-0.4067909176360041 0.4205115585878394
-1.0120904452522121 0.268904312307573
0.8026991924094429 1.0178218183685013
-0.5460768862926326 0.7406989885909528
0.9236852658435319 0.3746989648008834
1.8730559617834646 0.1316311792235697
-0.11709598980663052 0.9458686949412132
1.050161020411924 -0.513146610403271
0.08286861107766672 -0.23596278193574546
0.3864260192813784 -0.11846068549404815
-1.0047318203682263 0.2962467832646902
0.48562851078620484 0.9140894560371156
0.8603958600851798 -0.7254878323124647
-0.8411795383490959 0.6926956876580163
-0.7013992473050754 0.32670483061561584
1.3144672825254224 -0.2646599646367556
-0.5073873142275842 0.7283371466038149
1.7207681861573534 -0.20055417171065826
-0.6734488050260863 1.2462888836571742
0.4788909635664025 0.6538406067867875
1.347432823672566 -0.2705405040009647
-0.9736520985024262 0.427109741594805
0.22514254040196954 0.7560445411477771
0.9523154178202096 0.17839823558523363
0.07921294300866798 0.9989163181668606
1.0114140940849792 0.26468128888897047
-0.02589797197238857 0.42879790270362966
0.8871854816656048 0.1972985990155053
0.9160757200328264 0.3104958469405408
-0.8883157334188283 0.03348336253092721
0.71640174064778 0.400632138050924
0.7829986753758756 0.6351848054061338
0.8519986621294924 -0.47956655374893337
-0.9701768224967805 0.08456955163198317
0.30693114229651325 -0.21832111462171488
0.2626011088674887 -0.1334173694811572
0.623871111647399 -0.5677787954210212
1.8722983547603587 0.507780342050968
0.5947230134825641 -0.27395392691109166
0.213857832670433 -0.0016973864427901946
1.8992877050940316 0.1896731093018178
-0.9877731035332522 0.5967701456036231
1.0577542777299527 -0.02027599666635818
-0.07333238260901381 0.9778977785450799
0.4668659421228616 0.82422254869111
1.665273707439536 0.3924966643621868
0.2702661546381797 -0.19823170520206915
-0.0114200975747948 0.863460435692617
-1.0627308839536675 0.4736051560119391
0.12079137643180393 0.8407629245519391
0.8562064284631908 0.8112877606106368
-0.136152037770402 1.1078181745563223
0.14769047840017613 -0.05459946448463711
-0.08443119808279677 0.6489383785315952
0.11321729099419175 0.33467085345332226
1.083909808177486 -0.6454471173188862
-0.4462918813902457 0.6292188538503326
2.046780162573462 0.19222708587831075
2.144849441209096 0.018251556777224315
-0.006791055420390796 0.21280520003611036
0.04291219931517189 1.005912474649637
1.745224376786605 0.40253292997863294
-0.43595953737325654 1.3283189088780745
0.1699278917681296 -0.2208408247056668
-0.5128052175144173 0.9925273097725691
0.9260992416392707 0.20061886005454183
0.031954845582422696 0.13188672496917295
0.2543814656568388 1.1984608267655403
1.606370871915171 -0.45867645040939925
-0.3595449289635184 0.9227258994585411
0.8376828157458377 -0.4363840890247261
1.7832586635060081 0.0273208057314224
1.2412054046942547 -0.21398663945446728
0.5013666942614773 0.7921320656981029
1.6019605773141732 -0.21817287439513994
0.8857584109652682 0.651469914872823
-0.9039329465875253 0.6122911658944941
1.680050136622198 -0.12744596356559187
1.777228196971656 -0.13501269575723784
0.7749449868124446 0.5769018365745786
0.8655092632392956 -0.7840064131519647
1.2337121235307509 -0.3789030027188938
0.3985785784573358 0.7448217031635461
0.8847146316492168 -0.42916565370228155
0.04126807794035284 0.22391089622451632
0.7263957387175973 0.5025893237305695
0.3179737078598405 1.2414661615439286
-1.0869289267428435 0.604486836554106
-0.2584211798691849 1.0642016193826485
1.6764354661380003 -0.2445213158657173
0.3440422245099848 -0.20070102796984463
0.3406075270071889 -0.22819161453518086
2.054308081388431 0.04281822947335445
-1.1018311313461107 0.3355808820341206
-0.8815586089036603 0.7766986194103475
0.1278595325103815 -0.09544155264441294
0.9873508245031203 0.36203695883996645
1.2878089642074895 -0.30032966025240615
0.08146767775736412 1.0876677159734767
-0.09978759404677394 0.9581166337672595
0.9800370924043036 0.21479406512737637
0.013194765176445383 1.1701216115449917
0.6578643081405252 -0.4028447974005286
0.6467463178538124 -0.24008332119305403
0.30331307229208404 -0.31686058793842314
2.071858783316734 0.3124519769401399
1.5719626211379905 -0.09951264337180349
-0.8638658671485152 0.04768182866485504
0.7837430642155292 0.3005932084615336
0.8782645300323177 0.36279209941604806
0.9105426062007382 0.1028907306138079
0.6069603392633343 0.5613564251851655
0.15227641631180078 -0.1999413406267929
-0.7285018235819087 0.4383433549511637
0.7741963785551927 0.5816531512009185
1.1848579399827002 -0.49629135737132546
0.45686231673664335 1.0372012018107408
-0.8884284866633047 0.8174014543878527
-0.03394073170043783 0.9945779712766942
0.9168384337232951 0.6548057170692276
-0.9616751591137488 0.8694357889990396
0.38740395573065056 0.6607106997051431
-0.7418613437271316 0.5132726881715332
-0.5138550130582417 0.7056843668247204
-0.9895501575172371 0.22842221184143288
0.4003116073565893 -0.2319373587161896
0.9804915010131252 0.4905911994824417
-1.1495949795391813 -0.29644976975397297
-1.196202033362548 -0.0562516797943139
-0.6997213776339658 0.9796729040823643
0.8224448147242945 0.5757319196753943
-0.45194526880910235 0.7359902295924392
-0.8819478378551131 0.2642380417123794
0.966929560841603 -1.089757428283899
-0.43207972281455753 1.3647587443047207
0.45803343355879617 0.054518666643281505
0.4321204706277949 0.8293787955385913
1.9221799130002375 0.12746757828071983
2.229667250271154 0.41708278290880985
-0.21011398868488113 1.122598891278993
0.191700765982328 0.11126808199101024
0.22469464528837707 -0.5813649041826772
0.5831638551561237 0.550080860018523
1.9629151624292405 0.19224067186990546
1.703892561312327 -0.29072530783232464
0.4841662843731241 -0.057061412884334695
-0.9231214031216195 -0.0702417379033597
1.913652294288298 0.41716689730407247
0.9716546430806474 -0.5921897675082286
-0.8374314048785425 0.2340211691121044
0.6851441700703432 0.926769601584789
1.5237817102944295 -0.7989822542010245
0.8884289509457619 -0.554156808963422
-0.2128746080123325 0.7971615080970056
1.577150971837507 -0.3816542655022982
0.5781595411427415 0.4531595224371391
0.5483954810016566 0.8697004823732247
0.679331231154998 0.4094179503071438
1.899836326079344 -0.11660229464860693
-0.7095856543894006 0.6846814193013668
0.8925872591115809 0.7418115347246428
1.0543018003667475 0.046525475811119654
1.1094269009165578 -0.3179764528794581
0.6561784390073324 0.5666836638739479
1.815009761626517 -0.1603589249852731
-0.7787243141336967 0.31622347037062626
0.9296322768463541 -0.5553118045219811
0.3326872836665098 0.6685386888925486
-0.6928424454794261 0.3689770764741227
-1.0676826208060783 0.17391624465248032
0.2674858325460833 -0.31739025685474875
0.9493055441487874 -0.8476434281775809
0.17580782357556815 -0.25899312473657154
0.7996189225627153 -0.5979586511580279
-0.981448339267671 0.16467243623356603
-0.19296207675522198 0.36773686801047234
1.8437758297858988 0.03576430078974653
0.6776044129165212 -0.14537155418072892
0.26482474781527143 0.019194561177081848
-0.5096439716146891 0.6446211862968664
-0.5693231396533098 0.6035617658759618
0.20573577982691268 -0.01720341574451681
1.0036207979710485 -0.3283341505132834
0.4292233616592319 -0.08154463569792154
1.170378146716804 -0.15748277902053748
-0.08435689287079476 1.0382042885585403
0.18694674729773442 0.05454484238514267
-1.0215712028558859 0.0265559771140648
1.00296834458737 -0.44380839661286264
-0.3543009771211962 0.7229513777622836
-0.12780126437856698 0.813309925300387
-0.1913097827312592 0.8963273012200664
-1.333992931646969 0.40846993896709505
0.7592666792291694 0.6266436390440291
1.8983489967331941 -0.04596298185176864
-0.10795318395720513 0.31582520112292195
1.7130988113282597 0.48177917898297096
0.009910978776015156 1.1385092470196174
1.2916811635347665 -0.27869038774588684
1.7152872192870119 0.008887296977242727
0.1400396481188332 -0.04674278678543434
-0.9175902592603322 0.25838212330830385
0.15489945595097748 0.41094899156288683
-1.0232454527519892 0.23646243853451152
0.8387318795501849 -0.4018871307185877
0.669019838256453 -0.11937368763690226
-1.0318514858099985 0.004976142742022599
0.6608909212335683 0.8651820749039434
-0.005089384427208771 1.0101976969209299
0.725296296308778 -0.42378429663470124
-0.9825719019835903 0.1302196270195547
-0.26617706868416635 0.8095901340039615
0.36833694834330377 0.9157328200097679
1.5503290786002966 -0.2834404244244757
0.7929872540747313 0.1098503921163797
1.7421245825568914 -0.07468297887105496
0.5635707363481484 0.5989247055098674
0.7574142561061257 -0.39205478991540504
0.3299479994227425 0.9586508052677309
-0.19362896336178204 0.946501900944161
-0.583729027827841 0.6824334689566056
-1.3240892032599851 -0.17268127070294123
0.25116348854823434 -0.1093018219035889
-0.18953723435754757 0.33562548593842045
0.2844173695669127 0.8764023966028112
0.917951477741061 -0.35411161321603934
-0.9330663208534647 0.22424150404724585
-0.37849581565442636 0.857272009583455
1.6987339385751499 0.17943607886820087
-0.7949636939349438 -0.08204215103057294
-0.3819505621338236 0.9889806083850595
0.6512472444007427 -0.22596090264979188
1.049306918083067 -0.17564372717454696
1.2226208884474332 -0.5209983014808764
-1.136626580194045 0.045653693543399015
1.437226290886665 -0.31192909552046194
1.982720098752601 -0.14138337699520906
1.1691592234215573 -0.2512801726124725
0.999843081463024 -0.6466520957654651
0.8959105252181789 0.06428894188347156
0.6093451733008752 -0.5994364114871968
-0.94303746725336 0.2598757242075005
-1.0120307357967846 0.33255764346671446
0.48418148427588414 0.7921006472092262
0.24128370360410126 1.0075569729595306
-0.9512456888254407 -0.14221424503757282
2.3225840836705856 -0.055987371266964625
-0.6875199948242753 0.09025795709287898
0.1914244465743019 0.18489832246705415
0.6996886877782035 0.6715439970220471
-0.8691896471850676 0.3041211326884153
0.34085769903362323 0.0021758147430799984
1.8875832883692878 0.3598312258100757
2.038658622828694 0.3911021435168286
0.7045563374573136 -0.5673563231628111
1.6483597377178625 -0.06664143785648849
0.5413298879540112 -0.43051019007616753
0.3902969258891633 -0.5325192417478744
0.5758432209297103 0.8528216328088427
1.651822098510235 -0.2546613749769794
0.3716935174225566 1.122626282810928
0.5050254759464003 -0.4383957665962439
2.1505351527779926 0.36818799349929293
-0.12857712370195568 0.7726520377653477
0.2501182849912828 -0.3405975751356491
0.4623017067217673 0.8294546311283378
0.6704199589472979 0.9812058159638003
0.3797121494784773 0.08434521076516169
1.9726975066324013 0.019550316730056062
1.9068972865397695 0.058151594246648564
0.6449907147645134 -0.4959599905840974
1.7932761822132772 -0.15562715795789922
0.24818519380442677 -0.0232541504110792
0.9573651019058189 -0.46678133072349937
1.1440464683843266 0.18420677030467586
0.8156044751734327 -0.30961475308400155
0.8146595804317068 1.00986257110073
1.4559830361605837 -0.4067895205098634
-0.010957065757966178 0.7770285200176456
0.5476415281227165 0.792533304872622
2.2712774404074487 0.09141169984803461
-0.22028610355981607 0.08875962708633856
0.8821990465760986 0.515005560989793
0.045550052279240014 0.29963971391669963
0.6304420064725857 0.6894500654577405
0.16406574849187616 0.3931350135397706
0.31690937159328725 -0.35978227960008324
0.11263008297566793 1.0606391572375982
-0.8363232336255813 0.6026536183664548
0.4348270146473353 1.1517057554110592
-0.5514882823899778 0.9859877918535034
0.06727869385664802 1.1615553632802904
0.1358297646534357 -0.09759113562593083
-0.04236525197304511 0.20441761121476876
1.8759687233993747 -0.17932404381332706
0.7101502853336117 0.6176839028153995
1.1297848096127905 0.04137546902740723
1.1698209948556482 -0.49512956716313994
-0.15450260277101552 1.2536240255220368
0.27306149283626513 -0.3720022062112701
-0.07284078076111371 0.30425104589604174
2.040749280008086 -0.002642799705630694
1.6077147568657875 0.174072169771189
0.4176976852745338 0.6531774602986121
0.9787726554169357 -0.21389777203401694
1.8578809618913832 0.13248982411638122
0.6273192442405464 -0.08999383237933034
-0.9912404459245274 0.7571586957215295
0.12423056784068984 0.7189200863045937
0.3669704889009645 -0.365224151819791
1.2281793318473109 -0.5107296411089621
-0.7618372585251185 1.0059587934100762
0.9631289342784569 0.4694242596558754
2.1568516889890423 0.15803424248291809
-1.100202292175404 0.19967924095350484
1.0076779140408656 -0.6851780388055088
1.3448659272021435 -0.48546057438024803
0.7623109336421771 0.7530149524984001
-0.23682865688379687 0.7770141251536453
-0.0083293130728887 1.0385615811381892
0.46257940565375555 0.989259571698851
0.2887136341036858 -0.2914044683365673
-0.6940868232369547 0.6403878861441824
0.3034412006214348 0.11773981757765428
0.8123451893611582 0.17330309459528603
0.690090860903725 -0.5894720020159788
1.261752511778088 -0.6134839002926304
-0.81639442637116 0.8756100181456928
0.8903605690070733 0.4596612436016342
0.8128375980032059 0.7729428578059149
-0.9647513669381087 0.7714388157351886
0.5167622402057899 0.9872371374513609
-0.11561930509994645 -0.18706571201668423
0.346069486558117 -0.41094464622242177
1.140707135078321 0.37205200978076713
1.4210942258416634 -0.5724595417568327
-0.8636328295418622 0.7858948155828835
0.9862650968046971 0.47749014782952814
1.2608260603406014 -0.4937826450205238
0.7294564465750705 -0.4753704172828576
-0.6433281744012642 0.9426789312335009
0.9435991852665025 0.38181518329219527
1.942569126510981 0.24018747954901948
-0.1973414513620806 1.0001890182789681
0.7291646083053616 0.989509708645782
0.5807492150489237 -0.47137310288016027
0.4968052869738666 0.9555233585998236
0.8797296603421416 0.580922460054945
0.20717467552623153 0.7842090141052732
0.3895159141378649 0.9778424021230397
0.4884423645213546 0.7358781402994834
0.41216900339262297 0.8822522979214528
-1.2374683445669603 0.21225993232198273
0.39337581823888707 0.8267527902892514
0.36866594942648484 0.9899347298750539
-1.0138991000742643 0.4645357655760899
-0.33019048972360127 0.9056707600822675
1.2597054292232104 -0.490580246515795
0.9332595837686951 0.5318644877001919
-1.0854458378372576 -0.01703219586415328
-1.0552013921886063 0.28513848385338475
0.8438095503386442 -0.5891048956438779
0.8793409940098624 0.03046520512849611
0.46219862292619773 -0.40242774487495603
2.1702304411148905 0.40433883963437434
1.6079478691798899 -0.16428533229038667
0.9992438477153358 0.314683128279771
0.918292206694455 -0.7226568993246222
0.8951494439913675 -0.2036378257745186
0.46985586973284843 0.37965507787220704
0.2726106967790328 0.9088757394653711
0.10614787303844357 0.7135828069525332
0.6515305763675403 0.031027244779525898
-1.1209115462698718 0.4233002483842885
0.8541292398804446 0.35878149570500195
1.9817771357172322 -0.03761490050941732
0.45735403972021704 0.6424750578327258
1.3737437888009647 -0.4880786648755079
1.6017023677680378 -0.46140279645273324
-0.691704555099005 0.6065665006966916
1.857195997040664 0.002798520175150629
1.0435779440218296 0.42176993025016946
-0.865139161376234 0.1406944862076021
0.271641486151297 -0.024553275749522346
0.5961979212362551 -0.3419928919206266
0.5907817326037088 -0.47494020382284086
-0.2298308563841797 0.8531999008339808
0.10980482917165868 1.1527280628451286
-0.5874492191747002 0.8690346836768267
0.41542267127709676 0.5675509485953882
1.1034618946071588 -0.5609560405172065
0.22917888051987312 -0.26519672359940516
-0.844052209694021 0.4883213815525501
-0.40630337044058695 0.8925653783075528
-0.9843347044915433 0.3567509089057251
1.8221710511560807 0.4893250790748629
0.21047325505811604 0.3035800374676864
-0.953820126488975 0.5464828822206995
1.2803923354180011 -0.2996574112227113
0.9797497298610016 -0.6635814250201967
2.1346329071384966 0.3467770961586626
1.1749171059551864 -0.31776383564426636
0.366401412030832 0.9327799565792109
0.9933680700632433 -0.6966956090866149
0.745656231919717 0.5288882837400889
1.5749467592740891 -0.2499660537258739
-0.04072462831073916 0.3518303341502818
1.2981785583257075 -0.4972641959885529
0.3775838651868787 0.8495055781704239
0.0289195842872947 0.8950610036430017
1.3692195533059586 -0.4640655189713322
0.6557012440686191 0.5113047216684711
0.6661712090435479 -0.49105032684111494
1.4618115912144307 -0.19232937874421985
2.1164040213130018 0.36494779416409356
1.6961222129876683 -0.7476641626653193
0.07526658285142729 0.6971647466033368
-0.15871303992948005 0.9373245402907063
0.22070694900776447 0.20875864133356856
0.9486751017554443 0.8955044258723361
0.8090850909370779 0.4244748174812338
0.9141775064033039 0.5602897880495041
1.3092692999906312 -0.49693858223751086
-0.613322784930155 0.7387255685407976
1.7590826965476296 0.2727056921588909
1.7243217318923676 0.1560444975003437
0.760101805225381 0.6736075663407575
1.6493090855327672 -0.3617398063867047
1.3487944778305443 -0.5312090951429531
-0.21994765591536503 0.3421192692603203
1.3621378265685025 -0.4239896072680471
0.5761813556534342 -0.3767505653370149
1.2922928877315127 -0.3700753576695092
0.9254125422169409 0.16998970513523257
-0.7128681393890307 0.5861724226145669
2.147998950913438 0.298657747214402
0.08915737377997207 0.5753629340959572
1.8602134547255766 0.16206365308747472
1.2541282931268254 -0.4548152356428122
0.08520258496478243 0.6207979034348239
0.52375977631126 0.8559493742182176
0.12469838139042161 1.029890511025901
-0.057183287557409215 0.9881045956145141
-0.2052008830605897 1.1723621829322886
-0.7900649161432105 0.3958272608210288
0.8088672292662126 0.3001398174766101
0.3608185119608216 1.0975686318366384
0.7842685096149735 0.1291022830915271
0.6462606453075959 -0.3092198946726005
1.1565084274759574 -0.4810128213833668
0.7828976416522875 -0.5904923050208336
-0.8561792565804607 0.8205576760777229
0.14346275606882775 0.1248235720355195
1.9740775919423708 0.3264501574558459
-0.7731174630533084 0.8755680587596164
-0.44855638337363 0.8195255857122138
0.43792476983950124 -0.3554127464345703
0.5654123499083289 -0.44128187938138197
0.3909648273385429 -0.16145473409177996
-0.4398960274339305 0.9711343526271349
0.6338187701955457 -0.6122128494166434
1.0365431934489486 0.2774409913261285
0.42764386360223605 -0.11976849020076075
1.6866930041202282 -0.3014375661414207
0.874112075853523 0.5140552122617617
1.0713028537694924 0.0203933953524969
-0.021720869499025845 1.181886639697999
-1.1397726084911604 0.17359573497135838
1.9645088943701434 -0.1722411369692182
1.2854076555917904 -0.6148681763666077
-0.8694791928235206 0.7096852960921257
1.3461259043025207 -0.09278570424794357
1.561921454377227 -0.48712169833159824
-0.9424404965808777 0.42839491151739917
1.2165329031350356 -0.3301419854616086
-0.7964357066721175 0.40766876761720156
0.9687279177101634 -0.2698223890977332
1.2267842146064634 -0.7202229710088752
0.8497357458304627 -0.25645854843677574
-0.7344301713866954 0.5345897637443209
0.9551697820696327 0.3481789087030349
0.0043737908956636845 1.0369204133092396
-1.0327250646221289 -0.02153460168783633
1.9647103557104497 0.6596627124456398
0.6010273650126892 -0.4827160500073956
-0.05088360291480407 0.4718614969790769
0.08328544312074566 0.27887409044649303
0.12077982412029743 0.14723087073961202
-0.32152752035824184 1.1936548718892492
1.759465657007818 -0.25141820781177804
1.869309440109512 0.221537262270272
-0.8848542041450673 0.47097863812819524
0.18574299280695666 0.7287628519224522
1.8422863853715203 0.17477256328979524
0.38316008732280366 0.7336349428669089
0.40326539546237994 0.7951094159549295
0.21490890647189786 1.0654202538478772
1.1513804854018985 0.08807964903893623
-0.7421623735348203 0.7445655401401012
1.4058598608577335 -0.3096700844054344
-0.884570801980903 0.614407665810823
-0.7342443686780048 0.7741403708016393
0.5936883996383882 0.8229420227350813
0.11117535924032307 1.04866514879502
0.5573512940832228 -0.27601378080167616
0.9872017047445047 0.09357337927673312
-0.7082208871539865 0.5918229594678115
0.9910408718378001 -0.3832277875230647
-1.1581543728504533 0.034086944179292894
1.260926220215878 -0.24209795057642994
1.6766593321880954 -0.21393954523600364
-0.23527220282770844 0.9412193579057535
0.9786339236057805 0.027308948484887123
-0.9526085812758065 0.32299755859517776
-0.09100802764800585 1.1953084435497443
-0.7179495704065338 0.4186984525520302
0.6626996106693512 0.6566274479782096
0.936429432906446 0.1456397983309005
0.891384615526982 -0.38974901788407884
0.6663447298006634 -0.39818945759930574
-0.08553525966575479 1.036179341112844
-1.120593909108813 0.09128519966769405
0.7787960167713728 0.8101024165315854
0.959513569576355 -0.33793281263152264
-1.0081510820105044 0.16822055409643785
1.9550145325147636 0.34278626840046145
0.09024478153149292 0.4454627866763103
0.5388534450728613 0.9210287953697428
0.8844961789093346 -0.49084342244064294
0.0949308427985133 -0.08040325689675168
-0.3314293856343158 0.9598043679413931
2.187883261863383 0.20870400948289944
-0.13911298744486383 0.5998016024875106
1.9387304018324796 -0.04600616878122005
0.3500513065875279 0.9065938741974036
0.26608134910951625 1.0658315848994453
-0.984982502742408 0.18280046602457112
2.1451503375279106 0.4035120566819649
1.667656510938203 0.01824511515005167
1.471012483426955 -0.6929300459959966
0.2031200420209629 1.1038073178243406
0.06020354958426676 0.21172413388277986
0.1922049573774901 -0.23438699836575794
0.2576052373336184 1.0692030888740487
1.0833269418891143 0.5225352868812646
1.4425152156407677 -0.6012771598996924
-0.945421425747591 0.9400888659548656
-0.9781811796277754 0.6424785370466091
2.2096765384507306 0.14466375932700987
1.836991873457453 0.08894628674350744
0.43729299346593975 -0.3765667337939861
1.3700807128990413 -0.3702696995858656
2.1010235008623446 -0.22317347849906047
2.1005919769453425 0.022933022185711943
-0.24779565078669535 1.2183078010603043
1.9628631281939104 0.29116883521276526
-0.3506455912737767 0.20834208074576643
-0.8863905249706907 -0.023661941478051958
-0.8550704573389132 0.7706889724158689
0.38628159504471493 1.2817067611853608
-0.36192441598218666 0.41476062204804254
-0.8039576894103939 0.8276114275089417
0.9632265334524743 -0.5804754651470565
1.146801731469122 -0.7038222099854912
0.07866754915047788 -0.31920315779339375
-0.9537948675698792 0.40470585333722287
0.3094349106885994 -0.2591690350103906
0.7002857597543548 0.6979917773996149
1.7694856407733757 0.6270496110283388
-0.01202610825645959 1.0642094815436764
0.16254532786400833 0.042665418089219594
0.3439522869681847 -0.0618156123926078
0.9952381804581829 0.2020695289220208
-1.0301801652950962 0.0486706100132093
0.46041034998739916 0.6613143734343289
-0.1278915522403008 0.19326182427772223
1.4205258083797963 -0.49364058063545263
0.10097233650602183 0.47326896950636554
0.5072139998692853 0.7553104301478242
0.1446534771580489 0.26482266501463714
1.0629008417805639 0.30123878438700946
0.15753253640949197 0.9825424912079932
0.8514830020430828 0.8808172975431618
1.4195401993218284 -0.2234425716137771
-0.852421770105718 0.41828648772308663
0.4377598363817835 0.674069618158206
0.6506655119270691 0.6616836683804458
-0.7410013564473009 0.7580509717448249
0.6519677653629639 -0.20522137835100113
-1.0278152800286229 0.40334208561677914
1.5498539850899775 -0.3002176299208038
-0.98685449284822 0.5671127462517714
1.9125242810354446 0.24520394406734244
2.2133532979559094 0.4868009786139871
0.4434519541270792 -0.53773784466015
0.9070454174105873 0.05506146288076563
2.248165575813167 0.5329497198062412
-0.15965448553610376 0.0228106657891963
0.4918934265118088 0.8933926626325628
-0.8091888731278919 -0.13018356798367803
-0.05233462687434694 0.27422139195774337
-0.04016901379826368 0.8958097247300332
-0.9562786157699761 0.07891780905450213
0.5063680312701206 -0.2839181416859681
0.09684559864854156 0.9252788516506623
-0.5633360370463497 0.7293979822040034
-0.27968056065662483 0.6593042946327217
1.8641195712553236 -0.4353237513741943
1.13726245711619 0.43050503343838764
-0.3541921059707791 0.6825177699713085
-1.1118873748064895 0.10076564163680385
0.8082824571085345 0.7983825569586135
1.1662961938519198 0.011400571710296604
-0.8175414706902315 0.633167362173446
1.989858082838654 0.3479339091241313
1.0723226513056332 -0.4760905701767442
0.9196179180250655 -0.3477920896937412
1.4156360040022675 0.6842162628313025
0.19346216023327234 1.2151937316054617
1.912928214041457 0.33182257149723976
0.19658845207555192 0.167404663738324
0.08511759326223581 -0.2842651153258592
1.6717217067146233 -0.12828549118644253
-0.884694251278106 0.6434037796086176
0.9828503061035504 0.5669023765208908
0.7264321225274976 -0.4269652786498637
0.03395179773173923 1.081364859444821
1.741761973881451 -0.31788107441591945
0.8113759710632401 0.33294317846287
1.0464256006259691 -0.14984295222123187
1.0594879229119192 0.09924243451127486
-0.9427255640181281 0.5608339494349417
1.7633780233539917 0.132074068323304
0.6578075502655385 -0.5769368763305113
0.7862364049577678 -0.5402810369886769
0.7555121899606932 0.5694407318420782
1.746778155104732 0.7041878091617797
-0.16292908353987445 1.0125169862619883
2.167555764878134 0.5365392068105191
1.8668461882008975 0.27335728101425966
-0.5052292501058819 0.7439994514445869
0.318967568665681 -0.024025102423302025
-0.4119955822815113 0.9552609751959955
0.9902735143180305 0.07935818618075509
1.291519117067664 0.07024498233697046
1.3638001624017984 -0.2682327761477248
0.4525045555127047 -0.28818659087253884
0.06371841592024273 0.5642632755789552
0.9362799073500722 0.6836070909334839
1.869831179789795 -0.0226658933138857
1.0642574664081117 0.011434237363413424
-0.7864747370159719 0.6017250888644894
-0.8581344092667493 0.3913343764843511
0.07108870699958848 0.3798977872880409
0.5761412927239882 0.9382662062035705
1.0271005232190662 0.3306607589929206
0.925004110536731 0.2862795912919872
0.9502436626071796 0.15489814201034974
0.24443606276216845 0.9517681236443739
-0.8121999974752381 0.8060510052121744
0.9628156218280534 -0.425547367906504
0.083943157322312 0.8767530691703669
-0.17761964288735047 0.14528596549067857
0.6620929235333223 -0.40566887526635725
0.8582338002196082 -0.6513655858145297
-0.48541038482312043 0.7689675134177633
0.2648034816159236 -0.07568455269864556
0.3551671802807334 0.09227299270401498
1.6483425957583733 -0.4080833600569878
-0.5397195642858686 1.1499453173785281
-0.5431221348489752 0.9369923219814172
-0.3342455526980105 0.9680875383820379
-0.21738116100432214 0.9436172550872732
0.330337960434434 1.020710685035505
1.9634999600353427 0.307298343718447
-0.3547292020162911 0.8994562415914062
1.7670913021113703 -0.3415773445925263
0.9994413305586347 0.364591269799804
1.924904516851701 0.4434670285466234
-0.9053131092708361 0.39701525246373964
0.15719065166120857 -0.11387393291691131
-0.04847362967544712 0.8824038228319332
0.7658940714902067 -0.3017803686164884
1.448718652078552 -0.3350674319874129
1.047528531058365 0.3801870847743639
1.2249857440503902 -0.5593295139864215
1.2403812749170062 -0.553900553060202
0.7003297991498894 0.6506687028194209
1.523536182306306 -0.2766038576495447
1.947484312408428 0.5694723220792408
1.6245566528538464 -0.1869583934335923
-0.8493256812260651 0.5799115673430827
0.47678171409810116 1.0378215637398656
1.535523759304134 -0.22079786936013393
0.4139808019521891 -0.44869735630555585
-0.7356810465988108 0.5711267856206366
-0.2950336284327262 0.9446196725945029
0.7099152452506504 0.5238355425546661
-1.0403497243510373 0.34914345159205484
0.09298308015489853 1.0188728770780806
-0.9346719002644681 0.5657694403866329
0.7209735423845636 -0.07852895135230786
1.8928297513155974 0.07234483750962334
0.34561441234163714 -0.3283758275490439
-0.8161529010393275 0.02788703298292919
-0.7912587391319854 0.2876006731362234
-0.6137656670896512 0.7156280193229162
0.13273238628515205 0.8855620220683329
2.217673821990612 0.40743721228871826
0.779329360496328 -0.41302932396572667
-0.31556886041083665 1.0133791405118566
0.6187793552340995 -0.37451962134100947
0.17712439272993033 0.7691830543785342
2.315927926341134 0.19332437764246307
-0.15535547192593327 0.8832009581834875
1.8283898096583846 -0.2751932940733429
1.758269855132588 0.24603042154531787
1.4788250302013652 -0.45458116050791664
0.8258073443656202 -0.25471853519814824
-1.1068280104220016 0.4932504987510819
-0.3172812798753138 0.17401211152094523
1.4702476436988885 0.2244056585939548
1.2589267843725056 -0.5950553331105524
0.16156632826954784 -0.2932481662465414
-0.16172342818952185 0.775471317923458
0.05553277445672344 0.61516208452484
-0.050744323294533406 0.20984285114730003
1.1471291168711548 -0.3835367173171932
0.7154017889984468 0.779659082426959
1.146568075187461 0.13699484914942534
0.0681605342604346 0.3890183023325071
-0.7105668805786264 0.4519498076891676
0.6411256136567322 0.85100410516059
0.5557304247249433 0.9612975327665131
2.1745087796650093 0.24993885475125213
0.1568397284968137 -0.019652970446841063
1.0706687149780671 -0.18832716273202624
0.8759238923037678 -0.5101854022963502
0.9187438522547491 0.5951515218483868
-0.7406697540005595 1.0384700911981675
0.01292632641894137 -0.36910327906746576
-0.5868419511376557 0.8682239243455485
-0.6323642824569164 0.6436483430012374
1.4293134908114842 -0.6617119293129368
0.8247238152784511 0.7786756981240379
1.9644725710584496 -0.42546567583659034
1.1128071870421858 -0.621266557003508
-0.1229224020695335 0.2669616463352847
0.018063192130566175 0.1373716641228373
0.8587965797658479 -0.4170640942981234
0.4394562974664286 -0.811334755290822
-0.8590321472885247 0.6556923324599024
0.27129687985445833 0.34386034815296773
1.7865516094817917 -0.33627789290098264
1.9241451334291813 -0.31889859501356566
-0.8847688193729426 0.7722457284038828
2.06695965544307 -0.01511943716553607
0.36279546454782546 -0.14874373355312545
0.7874011880498819 0.37506627318840646
-0.8181345744136977 0.6700516035077448
0.0031987894562535285 1.1356361580429026
-0.9073521527098466 0.007858266147862975
-0.6452474457561774 0.8137319654479607
-0.30780439766259154 0.9156134415159277
1.7488962919260338 0.20171087406459118
1.085503598533517 -0.28004830432886774
0.5554412594403413 -0.35159772693583585
1.933176302729198 -0.34080742330827685
1.1384465819351894 -0.7595430030380306
0.4671763824052888 1.2966373910607487
-0.5728661655418663 0.8563413097189575
0.003912898730756398 0.8744056242567056
-0.1388306995079141 0.23234143964376902
0.3962632413855762 0.6869592605492011
0.8925785342256273 -0.3091774044735579
1.537927707354464 -0.33883564004207006
0.80218645820595 -0.1942809369684913
0.12434677290249993 -0.11327903157635924
1.8346445598432954 0.4616882181854918
1.6171302723644008 0.1224695164025673
0.3645538588447922 -0.22824398266729742
0.030737433781591397 0.19192941208739087
0.4556849758913415 -0.18165122523027813
0.694876060648804 0.6605653049800523
-1.0600435919644582 0.30839242069011463
0.24864957976625995 1.1188308403901406
1.114390641129774 0.19183434496849938
0.5321853146525051 -0.2993285960071763
1.2657145953955955 -0.6035562852262466
0.40440257103818594 0.7621808282060234
0.7455822281354781 0.2639601847859316
0.724097370248489 0.14882204504691465
0.11489603763851243 -0.07775134339561601
0.46418220960492573 0.8407714272195832
1.842899821581471 -0.4363139483153247
0.7876324261501683 -0.0679661880288952
-0.6059190614296129 0.5888497657836835
0.46084689924197764 -0.22215995364678134
-0.08885981559043646 0.300419394494149
0.1722494025968374 1.400821488001842
0.8306469146210947 0.3569288375052519
-0.25800508942536277 0.7042262571858345
-0.9983772394441893 0.46305997784916
0.8741791092220145 -0.5864534185586889
0.3103963501306176 -0.4983674472604729
1.3873461216097536 -0.3534913968511796
0.2933596808583068 0.19201646549786955
1.0402075580093544 -0.36634668609626125
-0.8457879997843849 0.4767252891100634
-0.08966094822139507 0.29414780327946477
1.98777695210114 -0.28400546289188644
0.037490284721054395 0.9844870643093864
0.9963568663912965 0.05909602999550144
1.7592179293753643 0.032896669258414724
1.42524702296829 -0.4404517674883821
0.057863922410556795 0.3665723919441194
-0.2936491917464706 1.2932858480716307
0.8309761209683613 0.6528014029103224
1.4783681958865973 -0.11397680593572238
1.337864674048208 -0.3791434508524985
-0.04387877461452733 -0.1222659460331265
-0.944760470422062 0.420004496221389
-0.6793750550910546 0.5523439850020353
1.2422045879924655 0.27568989180275594
-0.69772369852081 0.5178830528011986
0.22586218497023566 -0.34393134375899526
0.48233551798686425 0.7701304289396367
-0.6549244588384227 0.6930930293170373
0.6876546841509281 0.7056315038864033
1.2429630169081907 0.2265274930211758
1.4375911974356372 -0.2552849373723728
-0.0935688607476004 0.918675325025449
1.847618534668802 0.33523031511555196
0.00723954869794477 0.09996506255165202
0.15245351556713488 -0.0868332704703652
0.07851612852628338 1.1482094126798856
-0.01947422386547152 0.25054061353027685
-1.126363349748254 0.23684034961155828
-0.962627956715475 0.39960078418125156
0.06523657911646426 -0.03209395927795039
1.931581842061855 -0.16560156891551744
0.300451643651454 0.9629990959125945
0.6363364089233441 0.4906814850712017
0.6831623250712088 0.8163100219712354
2.0100294356668225 0.09011501862737792
-0.29996461754563397 0.8816315631455675
0.6229883483721553 0.6601232400065464
0.25410914729039913 -0.455542119831856
1.9396296737782688 -0.1158231885014269
0.0892793397653914 -0.08111706224467527
-0.53336351901996 0.8034836984355311
0.7126334301398487 0.024200135402012737
1.3329397799010876 -0.6339019537370126
1.7387641205458428 0.022531037228041076
1.9490423422295378 0.21048765406057068
0.6987717508657274 -0.5480177051674725
0.6897170249936133 0.3089133773932934
1.8441097294181197 0.07480550908824887
1.6532559905949806 -0.34061377263410053
0.7916619512144492 0.1429643404816366
-0.4898274328288532 1.0373532712383158
0.2971759173070514 0.0032626755520599876
-0.4109074049485777 0.9293233492105495
0.7964089923542819 -0.4253942459482726
0.12211077195665843 -0.08206902785022921
0.543154838516678 -0.3026556879561877
0.6655536722667806 -0.3916476168583118
0.00702707672601291 0.31974488932372086
-0.6520838336655226 0.8662871453144587
0.596781886784829 -0.6342698306161985
-0.7838838133808963 0.05338868472398246
-0.0517353309775925 -0.2089763493256507
1.0404418924123955 -0.5772350832378402
0.35176259793776443 1.1934164641949068
-0.429237666575153 1.1132292581588792
1.0177813395363255 -0.6803541965087407
0.6228598279907863 -0.5417148822329462
-0.027984973360852053 -0.0433484410487755
0.10737388302043595 0.24370643769623834
1.8161737905475945 0.01883980643929299
1.7236228752155618 -0.223829048764269
1.7430315586751202 -0.22685561022922685
-0.06505242169609941 0.9927825944939009
0.5548532020153776 -0.3246663710718426
-0.14145525871329417 1.0562732348558057
1.6455787278418295 -0.3537878524671784
1.1746423950991964 -0.5483829425939689
-0.41241725481848157 1.0017096280127797
2.0731187999397633 0.04032242298647473
0.5495211800750945 -0.4946970577971186
-0.03659484430303711 0.7651920221955963
-0.5960642468337106 0.8255995090361424
-1.0081221336735586 0.4152844494715807
-0.7142304986017483 0.6894608370433027
1.1721975189176246 0.43529837857456466
1.5614637493891061 -0.2914967810788767
1.8983965257006974 0.21586620910190407
0.8992261436304612 -0.10829075903648679
1.8102478772741217 -0.30782405586507255
1.6356343979926238 -0.05735696872210037
-0.7819209814352435 0.18827714400515758
-0.22380295528427166 0.40194438156851836
-0.7043759915742327 0.7536179623225041
0.8738638197826557 0.6577054728397455
1.4645464626718214 -0.5236601489615291
0.19298594251538148 1.224635731241831
1.3613918690111604 -0.33212564139197087
-0.03568699338811037 0.6511230936957713
0.8288006450074893 -0.6763097623272443
-0.6876821684800035 0.8232105057511867
1.0208353586029384 0.30596082601022195
0.3985616203584124 -0.1605386960043197
0.49480066078486734 0.8373537101385388
-0.4796503560813689 0.989116307450863
0.468001465863069 -0.5503672391558142
0.6799496222827375 0.535459325359078
1.7786047688495041 0.07121034793096034
0.0283113398503115 0.3944179840443036
0.419715886205005 0.9355099616576209
2.061206785436741 0.32704126727200555
2.211736558759086 0.4526201506638976
1.5254655896566158 -0.42742250729711206
-0.027280125422255885 -0.060991793563563435
0.8220954543485597 -0.5005669370629888
-0.8840000275793247 0.6580304624545722
0.73083212446397 -0.5605620994401832
0.4524093112219132 1.0536479484255459
-0.8489856898059495 0.497218731600066
1.1850860489145791 0.5329907663774808
-0.7321972503446922 0.30216778616287965
0.2148234716768837 0.17724462894156676
0.02517854403709122 0.5705017862907454
1.9633587049228725 0.13703451392097557
-1.0267134964011864 0.1767305263662176
-0.9110786038621493 0.04035216529530546
1.8153216977385656 -0.03291099817224044
-0.8478729871037477 0.49243951112005785
0.22589155273887349 -0.15894997347226003
0.8131092741922681 0.13768698163730345
-0.18146713096179648 0.20762631777630894
1.0802181483422466 0.6282563097373288
-0.252344838744243 0.9852627932080177
-0.8343287155762357 0.6079363488202183
1.9941867137321259 -0.24870164882757745
0.4536584936081325 -0.31379615479060274
-0.024410425808710307 0.8890969606907153
0.7605722315481283 -0.36321966710747966
0.4943519814975653 1.1166766753359987
1.2891286798321315 -0.4978655058559884
0.004340543160078444 0.4727289861954229
0.6512009477080827 -0.28420440178627016
0.1486137167772884 -0.18546401616960506
1.153488411982394 0.02490592640737016
-1.0260759423995005 -0.13283261545778774
0.05593102877939903 0.4401882279570353
-0.4732843357385973 0.46594499513412163
-0.29371366361672335 1.2451174326668657
1.8672835124948202 -0.13284093892361235
1.4101550515341519 -0.4130373717038566
1.171035396045854 -0.293956561059156
0.4305576100616042 0.7809111179204551
-0.06411465590604594 0.3737468702441753
1.9017627140908828 -0.20959897862812896
-1.0038006451222006 0.5820219255321519
-0.10623931146484916 0.7821708529365463
0.20872841063186617 0.9792739840418824
0.9024229074523555 -0.3974957919862854
-1.1019793724098939 0.358861538841701
0.24554990323179587 -0.403160402172338
-0.5326556596182788 0.8225260817440601
0.6623543379588581 0.1364218616172159
1.9207364232893551 0.5002281009460311
-0.31270924830740315 1.0212098065935815
-0.15945617781559085 0.7432376401963596
1.865113950247923 0.4224999464760325
0.12231592987741066 0.022141106239800076
-0.014821735388775029 0.11538796858940811
1.754653306096051 -0.20569909026321753
-1.022342267682964 0.19411008149740314
-0.5128495092001499 0.8462556498032813
2.0330420836340535 0.4383519972272144
0.44866292391855433 -0.5385891811115947
0.5181715433184145 -0.2040763849179397
-0.8080869575886829 0.38564901410123326
-0.3226153677597027 0.9129960143038491
0.7420648702149146 0.8019957285582683
0.20329876316288734 -0.05772192248963348
1.2889353860176094 -0.49401110111699253
-0.0602886550762763 0.15276096759737895
1.5640541187180346 0.009795803944711301
0.04194174408702808 0.29518825439042023
1.8854780706704135 0.02233748464274199
-0.8086266097635592 0.15579683990742182
0.836086087400837 0.04717756918238086
1.072594010824267 0.19703102340896383
0.5191341611079187 0.1473244507452931
1.7973026974111932 -0.5014511196107228
0.8623438158807692 0.4561123777474372
-0.2376051786089476 0.9435628745455362
-0.6129127694182358 0.815414807931208
1.590902653700666 -0.03747449626021766
0.8514065356318017 0.5828751199859058
1.295524198123188 -0.25113662836266126
0.48082351970186127 -0.020661446931930172
1.6914950638879 0.25477052753365537
-0.4543303480842753 1.0259762951015172
-0.6337541511594107 0.8343229855058635
0.3669677056105858 -0.46607640957750857
1.4030082892943032 -0.19327502984761502
1.8895436524469174 0.22134385513391341
-0.8227507695660762 0.5867947863089533
1.3956657294110306 -0.5962044139551715
1.1291641420080951 -0.6131625524216345
1.7946872002739447 -0.02520727252105629
2.190076389940344 0.2808986612355169
1.6039191705698073 0.414070943050885
-0.9950837005928728 0.4765657330540307
1.8132024980827162 -0.09250302709459628
0.4871619132493986 -0.41270648356365136
-0.20294957220200616 0.9178774238291892
1.6182571717430068 -0.4127441195570358
-0.9767409604504657 0.7686157926699075
0.7817698699185542 -0.07777481924803638
1.8483859061085013 -0.34139213566733156
0.9221821668192145 0.5761862442896439
1.6410898010178456 -0.007679294094697281
1.3464972118822005 -0.24718347681781838
0.024914063984475713 0.1136460938688521
0.7416133516051158 0.9247269614807461
-0.8802146562490238 -0.010073358624225037
1.696718798783605 -0.11973498636863371
0.2431522013203211 0.7540918471771297
1.2479553225213613 -0.4764556027775987
-0.0675330347816225 1.0935061212041353
-0.2930490859947107 0.797860490934845
-0.8127330264317232 0.5259143230372765
1.192861528472802 -0.5163377882182137
0.8848666327911302 -0.6366306854246736
-0.08089680556212943 0.2656893691273233
0.07939488068192384 0.505864486391279
1.0430743024989748 -0.4139579370191681
-1.0492437224992994 0.5529871902123109
0.9148004896904139 0.5137658871411631
1.4850180157121078 -0.40422638043668707
-0.8986547137237952 0.3249264841539327
1.7622629618129755 0.024036965437034902
1.9442329075243898 0.2750286243901559
-0.1889084486907654 0.8111102643333639
0.042361807459040605 0.03701951956695376
0.2550182810799358 -0.10032191261972268
0.486137231574451 -0.4051850885360766
-0.10516600108392256 1.157685232950243
0.8799650105807999 0.5604090247533958
0.6473046430221935 0.7828236734685783
1.857681343611166 0.7339732256607363
0.46320058255322283 1.1412101752790265
-0.7603542465979697 0.44324924795310977
0.15430968593879218 -0.2905062093804038
-0.32191802818712617 0.9078641896342751
1.2849963822661623 -0.555495102808481
-0.8201952309665795 0.5691177170564482
0.8376154166898229 -0.47886597446070617
1.6968144534291136 0.03953037843078484
-0.911155063021263 0.2699016753956404
0.8489691887110147 -0.5339999904666243
0.7542880346076918 0.2096133985058261
0.5587513524851978 -0.1353164677034764
0.6563325683865245 0.6154309594595196
0.2793247699948542 0.746783197794964
1.826231915200948 0.3758694793968944
0.8943736060846196 -0.6455286166525318
0.07749964635986034 -0.4155512889263044
0.0094425564363958 0.9949023204837284
0.1989623129315622 1.1397902426727424
2.025233049961261 0.3568546455684506
1.1857425940831152 0.6372155958391723
1.8804153703853024 0.4028726545739991
-1.074907369962027 0.10719521843744588
1.47249999002385 -0.2764990408730039
0.5600702375768656 0.6083301015780836
1.6859816300957737 -0.1389812944822148
0.9911239351718787 0.497753529369132
-0.1744925600417338 0.5251865630455488
-0.4269412816064105 0.8310023525647643
0.810632779854031 -0.4106711720433065
1.1894663072032163 -0.46933199954498034
-0.6924424975905002 0.8030437568309694
1.4121913358601874 -0.4138745469633694
0.3141478292546783 -0.1350721925483397
-0.4943823557168897 0.7363294752256622
-0.3258479551216983 1.0064820383791762
1.955795970041388 -0.04369224270849863
1.352727196429607 -0.4880651613206305
-0.8249068971540284 0.9338352787822944
-1.0276114114370836 0.3274877314514956
1.0674271309124752 0.38125100530560685
-0.73297697878613 0.7251610319339857
0.7470197063444197 -0.6073655270778121
0.9219142931329612 -0.5593581007777138
0.8814031718855908 -0.5843720246764738
-1.0253302820807757 0.2768952618821497
-0.523612643299294 1.0084862773286587
0.45529625960800446 0.9993474544404747
1.9455936138415175 0.016514510800586427
1.006789798994261 -0.5857052279987796
-0.23453917749380218 1.0706599207925755
2.067465130851461 0.28319901971288847
0.11844629974310189 0.06369724871588751
0.16611449587446983 0.9227758419247634
0.6043509024082759 -0.40291622197640203
0.35984837177357254 0.005273242956212933
-0.7537282911050718 0.07342517324595282
1.0219377552860296 -0.2832471066405564
-1.0948278047374904 0.4226573123908047
-0.7138923029023602 0.3585964289032769
0.057402994990686344 1.2111782754119054
-0.04625181989992688 -0.019411739559162394
0.6143351035873968 -0.6949858759452261
1.2700043065627362 -0.2477995937241607
1.7201699942128226 0.450198254577466
0.6500323069876732 0.6614955896090856
0.7989134291936155 0.27625228693665294
0.3608844867200233 -0.18048209635154552
2.1404952957966867 0.1595949558293493
-0.1018341232129052 1.2199001834431802
0.8517761593029344 0.5667295231425001
-1.097950685162398 0.5658907857456963
-0.657598098552757 0.5955365005970943
1.8289669527888572 0.4172462834642625
0.8585020200408733 -0.5186099207795518
1.8506155829236945 0.29807209667812906
-0.7640781396816501 0.5375643678416013
1.3212387404876922 0.3626983557831624
0.5933312635034947 0.742563928175844
1.0984517409290768 0.0834213577372864
0.5446696608053825 -0.4850396651385226
0.896061343661583 -0.2626710009702425
1.0909577062708007 0.24078353909037753
-0.9724759288181213 0.16112252934670468
0.15816647671306128 0.3079043294185477
0.9173440636177993 -0.45486460876929524
0.01268039722961023 0.9572586597190373
-0.3531287881407134 0.9310803319538299
0.24233733152798276 -0.42157547393618633
0.5240275470979396 0.8695887800568585
0.3826858436532974 -0.3097117708886941
0.15754304244995412 0.008370403164598653
1.015840802932525 -0.5839839197007861
0.5118547930681782 -0.3130493577640627
-0.9242893351549072 -0.2367190905257785
-0.07737083044926521 1.1637480980413277
-0.3555103009510453 1.3049431740224922
1.3663390717651587 -0.4112127622864613
0.32698531731490244 -0.1369526086357532
0.30009083630654787 -0.19611850593654462
1.849065929156283 0.062386525169318086
-0.5765784232676114 1.1413527149053
1.1402595947749092 0.4962151425196054
1.8416292671065038 0.3810672172289017
0.5752737402716194 -0.22752524833724164
0.17953685432576247 0.4668142919889262
2.0121744635680536 -0.04611290810782488
1.9358648781982977 -0.012512290617321176
1.7425895841016281 -0.29863466420146734
0.4881417737670165 0.9156639948972638
0.38408852958566253 0.6201106259091157
0.3727265233760637 1.1508765487057717
1.4961456195387126 -0.4238295344924195
1.7994222469222307 0.36212219015447905
0.7791882491393881 -0.4077341152546292
-0.04379830518910273 0.23668304700209997
-0.43545329507662234 0.9805200410456344
-0.10260723961573269 0.8699613410079248
-0.6530191829425402 0.37638746744826435
-0.18888009764886868 0.8701657584545859
0.29631063628452803 0.934850009977245
1.8468723239317502 0.012390944283029726
0.18046635849366705 1.0384362259854583
2.0770132322655943 -0.08557185320065039
-0.6683255000398616 0.48686302404261417
1.7722919385436566 0.03034797341327672
-1.0185528125394292 -0.05208829935304857
1.8899193617953696 0.1612790500230079
0.3004957401597146 0.9746913461072366
0.9464604963586147 0.598162775669537
0.10104622374045201 0.49526745316947335
0.6317589693365071 -0.6591399417120352
1.766284528879834 0.30317213700991374
1.5572148314428815 -0.29564488471167744
0.38200729239322034 -0.2628464146258273
0.7854958363487035 0.08779921095879206
0.26135671323876886 0.856008427967421
1.507655270670843 -0.37542162972234827
-0.6219552662029125 0.6946021594752513
0.7976637788135867 -0.5072351361627876
0.6057382568160833 0.86946883383002
0.3409707041072354 -0.38622050237694855
1.7202642374287143 -0.30108049941748194
1.819350073163138 -0.09964716982758166
1.6552076287721593 -0.39250051950492626
1.4934309733249735 -0.4080255551043471
-0.8249333128450552 0.5136274285049232
0.024203155061833653 0.4711655732985256
0.687554459321712 0.3938613806180565
0.9710074328459397 -0.33440394178720173
-0.16497613485508808 1.073932773368339
-0.8756364106232635 0.8212665416998487
-0.9142393353302304 0.5482836818029745
-0.4155857100939496 0.8493196848413764
0.03042469940103998 0.14682509231511492
0.15250076009633634 0.02190547778276457
-0.008886913022018855 0.3170195802257322
0.21695477262511617 0.8899547500948737
-0.48204482537946486 1.023656482152188
-0.9194560834166232 0.5194671947896897
0.6355475939345553 0.6158455115545473
0.09485656868305146 0.12389460115839537
1.0461161419944078 -0.04894640080272607
-1.198093856801077 0.48540608269225266
0.23415827085112179 0.04179302056815838
0.7752670972794252 0.3653240797366297
0.4050646425366403 0.29399702103440073
0.8608467165967879 -0.29838422992116664
-0.1174824360271647 0.8647535400315243
0.9470868233849784 0.1716643262740662
-0.38741763384907346 0.8399979810917368
-0.6241335446878642 0.8348270845528554
1.186148224598222 -0.45610026728409814
0.5918882064613622 -0.6383595826278808
2.0045369041638526 0.2233495673096607
0.7542324309312319 0.7293291802605346
0.05469238709861746 0.5315939196073258
0.4625440284857992 -0.3878986465394905
1.1172125993122046 0.45085253163667915
2.0101233166732126 0.5378820898787664
-0.14131552866211236 0.9728981133590842
0.3934689087041599 0.662890436535498
-0.6349753871562657 1.1310965521800898
0.7086687700656267 -0.6179451470825623
0.010389905910847153 -0.026633655292407132
0.8525256653261757 -0.28017974839459525
0.8975802207870842 0.5145215141322259
-1.113866228068818 0.4085471018121527
-0.1318560449531851 0.5229090229681562
0.08722873350441648 0.840482740244233
0.8288504740710319 -0.7502322103154793
1.9235807397583073 -0.2605161532147776
1.1265094179925856 0.23653207462528938
0.9505750221230208 -0.6136168131480265
-0.5485191901595864 0.8597379460111426
0.93513388207797 0.5761227967739085
0.11583281607691956 0.9699491260862625
0.2795151523410232 -0.14496884156635892
0.45353263031925983 -0.4070344758058481
1.10009154014359 -0.4048553517632393
1.6064362461347532 -0.14693402803916172
-0.2918389768317938 0.9376522590322519
0.8395922163527878 0.7012610107114633
0.8377762705286357 0.6711378794481921
-0.5794085087228479 1.1172169335185653
1.8963972336508295 0.19312040317092455
-0.7037394958720079 0.7061444839763719
0.16276964787906084 0.1409240098010416
0.6847160316533584 0.4790630380118147
-0.3357461068878942 0.7248311583327713
0.2819047893769432 0.8678199502039526
-0.15240589774095947 1.0860764190841536
0.5031567794394739 -0.5341060134447592
-0.5430000121861791 1.2391171805981733
0.3154189119229022 0.7323536895760683
-0.13690496035402244 1.0341583688105347
-0.05017286136330828 0.4787123281869032
0.31891042610439263 -0.14732410277467517
1.9260178688323801 -0.6522475003850098
0.8460185960746207 0.9197856491517237
1.8810010351452973 0.05872698665727004
0.3071962842668973 0.950488993920589
0.8760269153327365 0.6681420133828788
0.32216211163618885 -0.42243664105755496
2.0697485819657753 0.41940492160238013
-0.01691545925684433 0.1993274186473579
-0.9833489914481787 0.09891894962334304
0.26583573544048666 -0.29795603124328457
-0.6423276846514508 0.5313937851209316
0.8172327180538859 0.8304731518387654
-0.4563730037335681 0.8629504837889843
0.8604741715040014 0.6376202382387539
0.4698552971182822 0.9610038314104258
1.4866725645878927 -0.261063615560213
1.8879558958584979 -0.08215273216543909
-0.77208454585351 0.9311859542520562
-0.30867660902356636 1.0619347403628736
1.9060089585260165 0.08173797925808625
2.011456899147056 0.283486098193597
1.6895202798433184 0.36599858054733053
0.7651485166508238 0.894196585796233
0.17865733898064823 -0.37734355345687554
0.3636201956069414 -0.3220727175623202
0.4835198398684637 0.9804558290789903
-0.11673359087910345 0.8580548634255283
0.04150373696913205 0.12653912362782152
1.5097289112420493 -0.3362794975124678
0.7774228465631078 -0.6058223654553614
-0.7658285493765804 0.2720507966550282
1.9103811091085647 -0.11894263552202368
-0.8643210304062131 0.362630126206944
-0.8440399585949805 0.9087699508186471
1.224046507092018 -0.6247522953262823
0.802751922091096 -0.431792473475878
1.4630277370565627 -0.5789224375951911
1.0145696470223209 0.1630982442404151
0.7997230932773444 0.4384108683531493
2.0957744565916228 0.30890990792932205
-0.07337722698489782 0.9016935476022672
0.8538671776904432 0.15089316973560085
1.6082710071013175 -0.4192765334836933
-0.6706012590197501 0.7352725901098126
1.2562708882210525 -0.3888691987046133
1.1784471853012637 0.320125884812604
1.1206062060020103 -0.3878869710474038
0.687011805199113 0.9417296241024811
-1.0141351957984794 0.266803139900312
-1.2268425854948066 0.11082580601992657
1.5896229232624495 -0.13272944426519703
-0.034321461187866546 0.5184098432505448
2.0047955987645008 0.4762328454222668
-0.8632188838301833 0.020282019916443572
1.8762247533095247 -0.2674682271061387
0.20004988327548107 0.36458000502711974
-0.5339543675978848 0.9394970321468599
-0.8250283549512503 0.20738604889536516
1.4083157717446946 -0.3256509232477818
-0.4919242480710198 0.9138146255366749
-1.0048796139798428 0.08553872124151946
1.94167613793452 0.15546089729517842
-0.8110372347742749 0.47086180921101944
-0.2806059186445995 1.0610290622626704
-0.268972734715895 1.0828732016730322
0.10488526781836424 0.32252820829439727
0.9067835271856267 0.18778055199652255
0.12941348699451027 0.8615643737802714
0.9618328537674994 0.380900633288502
0.44257742983785603 0.9263981423042337
0.381969880024534 0.7944285153935132
0.2917693281914106 0.8086360621830957
1.9567304114273347 0.3143197626823435
-0.048282985300041825 1.0677107581566523
1.744198167224452 0.40377370821223746
2.1917354534148785 0.13252449403350866
1.1389450302463664 -0.16536002395694416
0.17728583957965588 0.6234243769297257
-0.5481155798703021 0.8102407511079294
0.04632129962321808 0.14035439313274684
0.5408283832095706 0.7663708051988791
0.0006058569362381305 -0.007132897455253799
0.6986973243751284 0.9309152834097398
-0.8984804811346032 0.5729946172955138
2.071123205485501 0.3010233724777649
-1.0309758656127064 -0.06904942776480565
0.49453896587932433 -0.20478618785466998
1.8261104095197274 0.20845245389738093
1.5646093878782106 -0.24279101026695368
0.07569377596184405 0.4130323316690169
-0.06773298131531615 1.3359266291228729
1.9403258509770547 0.32690459838218733
-0.10942022495331366 0.9300254559102759
0.6513210554070421 0.8256500583425171
1.0099048554916177 0.021445075893590626
-0.0769657204956877 1.2004141216066062
1.9447627347730452 0.19574537407520745
0.8236438738205059 -0.50525330265793
0.7201760449585576 0.3672201239335217
-1.25745651593652 0.2640312735176731
1.870918839044899 0.4882450588846857
1.2939355394265077 -0.24834433409460507
1.0794830019423545 0.038210470548755066
-1.0696084559305044 0.6240579956167522
-0.33979782007308057 0.9753897653868049
0.11885167030703325 0.9024904175305838
1.7424215824905933 0.5195569212007731
0.7214674140341018 0.6419120863318486
-0.8523712475721756 0.5213794347773356
1.3729199349504964 -0.23019505273987886
2.012464927211666 -0.0791531858726632
0.5013950713329403 -0.322826407176637
1.0034287399673492 -0.3875414947781413
0.6834825239757202 0.6752568553641747
1.6011323382246532 -0.3286916489549167
0.7942576872322986 0.6201285704530972
0.1687553700394397 -0.21879915961938068
-0.5053194458922258 1.00067293086896
-0.5936035233602596 0.2889305414335556
0.7941601492454465 -0.4899754709603292
0.9256071948575868 -0.3879949524172266
1.829479017792823 -0.03966123223763843
0.8896520570106087 -0.5015172327774878
0.31867275769232983 -0.41776110412284223
0.2576597634666392 -0.18863986638855396
0.6598714761627854 -0.4176285190598636
0.92010673813687 -0.45329808183131676
1.861718660804979 0.09334580867086859
-0.21064735670128998 0.8538600389447945
-0.11888397425008312 0.04631121526789131
0.4952000306425461 0.9335504839747543
1.4760683708789986 0.18355930350075528
-0.7270795114377715 -0.10134577679942337
-0.7666975791180555 0.03886280480330022
1.6178507792982686 -0.18813441555887697
0.055916771541970715 1.0444228877457413
1.8493820743555585 0.23843123845364694
-0.08463438546756064 0.048947044280888266
-1.0890283208993596 0.4555720289615849
0.030773748511086607 0.7617467135647754
0.5441438997738309 0.8777781847451038
2.066177769149486 0.2788954022580541
1.9546003778005079 0.2569657955568089
1.759409363869194 -0.04791393627079251
0.33370796117308693 -0.16050248357614866
0.4077570343769227 -0.04677666713359668
0.25525056064722484 -0.34390731371595784
-0.6165748043832991 0.8838037188847094
-0.7143847150261402 0.571759126889372
-1.0643488698152999 0.0761223401495239
-0.6054400116995973 0.7744147072927796
0.9525136955744314 0.33146200304866424
-0.7968534763959223 0.0684661279363164
-0.5601032470556222 0.8902317804522764
1.8162117374582776 -0.11667502050613922
1.670884988255975 -0.3663853910011152
0.10141266696285192 -0.3088431294271353
0.18513099738249741 0.5441202119549209
1.6723605882332169 -0.27657919810349146
0.8680568947978264 0.25640146783847795
1.9887832646808727 0.22723395034666719
0.055671990700856745 0.24463641904729855
0.8171158438440864 -0.532646357074006
0.6154761940223348 -0.27085976705030823
0.8698094758751007 0.15261784728630642
0.07761095293234518 0.42097441003873104
1.1590173161754496 -0.47430148608794315
-0.0341876181871176 1.054021042336067
0.49634419217014036 0.7822131166327996
1.9360973840862825 0.19458068473729928
0.5055312819886333 0.4759159193202885
1.624567325867559 -0.3645097661612262
-0.41444355454889936 1.001396921418014
-0.7845418801049339 0.8103201772303205
0.11237138737562577 0.07214925959563599
-0.884921199410856 0.495014962634185
-0.2490733681013246 0.7468847536689314
0.524738693766165 0.24450298149434824
-0.850224111759433 0.9904491583308115
0.543083933617179 -0.5536614138979805
0.6207002345797099 0.7003488004013422
0.9186627059507217 0.1613616393718959
1.4111530635511997 -0.4476170415538678
2.0744794432747335 -0.14442629884822922
0.924447644547718 -0.8743753632424173
-0.10244058027882205 1.2206156070338199
1.2414004624749018 -0.5730163351823226
0.17157049530329424 0.2699156215227181
0.22657031973878178 1.1423735189949529
2.0168364621141346 0.4241744647239785
0.1461310057225883 -0.048216661633870464
0.7812590634481574 -0.39902348447771807
